{
  "cameras": {
    "DSC_0318": {
      "R": [
        [
          -0.9869021528434304,
          0.04758642333251443,
          0.154141730324468
        ],
        [
          -0.04225338707788021,
          0.8458947866903294,
          -0.5316734534755043
        ],
        [
          -0.15568812412463937,
          -0.5312226860409306,
          -0.8328046984989997
        ]
      ],
      "t": [
        3.5672929597575744,
        -2.895697257460682,
        1712.1980031271005
      ],
      "K": [
        [
          24568.148632996475,
          0.0,
          3208.5188969119163
        ],
        [
          0.0,
          24612.198848859585,
          2146.273870075626
        ],
        [
          0.0,
          0.0,
          1.0
        ]
      ]
    },
    "DSC_0302": {
      "R": [
        [
          -0.9797926201425126,
          0.12632124504511272,
          0.15507857545297035
        ],
        [
          -0.045348263823282595,
          0.6148456732468565,
          -0.7873425766830047
        ],
        [
          -0.19480748569416936,
          -0.7784649903109784,
          -0.5966928040270337
        ]
      ],
      "t": [
        1.5913801978923778,
        -15.341395824866854,
        1673.0712149405308
      ],
      "K": [
        [
          24568.148632996475,
          0.0,
          3208.5188969119163
        ],
        [
          0.0,
          24612.198848859585,
          2146.273870075626
        ],
        [
          0.0,
          0.0,
          1.0
        ]
      ]
    },
    "DSC_0306": {
      "R": [
        [
          -0.9782080300865353,
          0.1246500204955763,
          0.16604644610672156
        ],
        [
          -0.05468269524352148,
          0.6168294059754713,
          -0.7851950628760034
        ],
        [
          -0.20029691139686637,
          -0.7771639828983321,
          -0.5965712790358555
        ]
      ],
      "t": [
        -13.09867800227416,
        -32.43377493598581,
        1679.824509319634
      ],
      "K": [
        [
          24568.148632996475,
          0.0,
          3208.5188969119163
        ],
        [
          0.0,
          24612.198848859585,
          2146.273870075626
        ],
        [
          0.0,
          0.0,
          1.0
        ]
      ]
    },
    "DSC_0307": {
      "R": [
        [
          -0.9788348539248316,
          0.12213059235099115,
          0.16421463745339385
        ],
        [
          -0.06099403489719525,
          0.5918471859956393,
          -0.803739159264996
        ],
        [
          -0.1953511106928069,
          -0.7967440158802818,
          -0.5718714162379932
        ]
      ],
      "t": [
        -8.398324097727624,
        27.724842599886482,
        1679.521038802326
      ],
      "K": [
        [
          24568.148632996475,
          0.0,
          3208.5188969119163
        ],
        [
          0.0,
          24612.198848859585,
          2146.273870075626
        ],
        [
          0.0,
          0.0,
          1.0
        ]
      ]
    },
    "DSC_0308": {
      "R": [
        [
          -0.9849748211778698,
          0.0931005028480872,
          0.14545410965337766
        ],
        [
          -0.059832075275093946,
          0.6061167587474838,
          -0.7931220571473975
        ],
        [
          -0.16200223582993847,
          -0.7899080776488346,
          -0.5914393497656574
        ]
      ],
      "t": [
        58.49930208643848,
        -3.5774439307571337,
        1680.9353951247258
      ],
      "K": [
        [
          24568.148632996475,
          0.0,
          3208.5188969119163
        ],
        [
          0.0,
          24612.198848859585,
          2146.273870075626
        ],
        [
          0.0,
          0.0,
          1.0
        ]
      ]
    },
    "DSC_0309": {
      "R": [
        [
          -0.9970238091934365,
          -0.02207135378170955,
          0.0738673083552694
        ],
        [
          -0.0728140252548188,
          0.5844054404296299,
          -0.808188343718493
        ],
        [
          -0.025330646016247755,
          -0.8111615970560323,
          -0.5842732424421869
        ]
      ],
      "t": [
        -8.09356520055423,
        -14.012997947318649,
        1705.3838554150227
      ],
      "K": [
        [
          24568.148632996475,
          0.0,
          3208.5188969119163
        ],
        [
          0.0,
          24612.198848859585,
          2146.273870075626
        ],
        [
          0.0,
          0.0,
          1.0
        ]
      ]
    },
    "DSC_0310": {
      "R": [
        [
          -0.9951306220573181,
          0.016903300539230972,
          0.09710470366926409
        ],
        [
          -0.06870302410479438,
          0.5874610798603395,
          -0.806330809363118
        ],
        [
          -0.07067488608177024,
          -0.8090758667023786,
          -0.5834392019714855
        ]
      ],
      "t": [
        -73.19772767428773,
        -21.16132592876192,
        1690.5121744463086
      ],
      "K": [
        [
          24568.148632996475,
          0.0,
          3208.5188969119163
        ],
        [
          0.0,
          24612.198848859585,
          2146.273870075626
        ],
        [
          0.0,
          0.0,
          1.0
        ]
      ]
    },
    "DSC_0311": {
      "R": [
        [
          -0.9977028065097848,
          -0.03752414472917538,
          0.05640078408003536
        ],
        [
          -0.06767342936259126,
          0.5897942136132982,
          -0.8047130498174975
        ],
        [
          -0.0030686871468499806,
          -0.8066813027154005,
          -0.5909787297429403
        ]
      ],
      "t": [
        62.630225151831304,
        -12.581531257566507,
        1695.7224744281116
      ],
      "K": [
        [
          24568.148632996475,
          0.0,
          3208.5188969119163
        ],
        [
          0.0,
          24612.198848859585,
          2146.273870075626
        ],
        [
          0.0,
          0.0,
          1.0
        ]
      ]
    },
    "DSC_0312": {
      "R": [
        [
          -0.9963167916589264,
          -0.009687843398784625,
          0.08519974383027376
        ],
        [
          -0.07457199860800987,
          0.588387460459126,
          -0.8051330408063424
        ],
        [
          -0.042330458089543756,
          -0.8085210832530845,
          -0.5869427487014286
        ]
      ],
      "t": [
        -3.8122942798969777,
        -17.267695119163022,
        1698.5691724042435
      ],
      "K": [
        [
          24568.148632996475,
          0.0,
          3208.5188969119163
        ],
        [
          0.0,
          24612.198848859585,
          2146.273870075626
        ],
        [
          0.0,
          0.0,
          1.0
        ]
      ]
    },
    "DSC_0319": {
      "R": [
        [
          -0.9887835147048396,
          0.06681231258458808,
          0.13357872560794815
        ],
        [
          -0.01599429665776301,
          0.841855365549554,
          -0.5394661490490854
        ],
        [
          -0.14849694785539425,
          -0.5355517326855791,
          -0.8313440912733465
        ]
      ],
      "t": [
        11.423725720115586,
        -4.360301312256603,
        1729.0770189867787
      ],
      "K": [
        [
          24568.148632996475,
          0.0,
          3208.5188969119163
        ],
        [
          0.0,
          24612.198848859585,
          2146.273870075626
        ],
        [
          0.0,
          0.0,
          1.0
        ]
      ]
    },
    "DSC_0320": {
      "R": [
        [
          -0.9383574018504589,
          0.24757601618150804,
          0.24122914957390604
        ],
        [
          0.06752253825335724,
          0.8157062623649938,
          -0.5745119671219697
        ],
        [
          -0.3390075120410758,
          -0.522809152320639,
          -0.7821409700491943
        ]
      ],
      "t": [
        16.66037103384104,
        19.034510081655196,
        1648.625398266774
      ],
      "K": [
        [
          24568.148632996475,
          0.0,
          3208.5188969119163
        ],
        [
          0.0,
          24612.198848859585,
          2146.273870075626
        ],
        [
          0.0,
          0.0,
          1.0
        ]
      ]
    },
    "DSC_0322": {
      "R": [
        [
          -0.9736760129817238,
          0.13432274097809838,
          0.18415325954254722
        ],
        [
          0.013921331156579626,
          0.8414509827754699,
          -0.5401540892421566
        ],
        [
          -0.2275109190409175,
          -0.5233714214994218,
          -0.8211705893873888
        ]
      ],
      "t": [
        22.628827362448416,
        -5.087616116143057,
        1676.6614879263564
      ],
      "K": [
        [
          24568.148632996475,
          0.0,
          3208.5188969119163
        ],
        [
          0.0,
          24612.198848859585,
          2146.273870075626
        ],
        [
          0.0,
          0.0,
          1.0
        ]
      ]
    },
    "DSC_0323": {
      "R": [
        [
          -0.9901933352456672,
          -0.09917328509125395,
          0.09839623142819284
        ],
        [
          -0.13475127518858684,
          0.8638731578847687,
          -0.48535065769116525
        ],
        [
          -0.03686804402339996,
          -0.4938500041615934,
          -0.8687651700658141
        ]
      ],
      "t": [
        7.146927895747626,
        9.17911762265392,
        1791.559341329497
      ],
      "K": [
        [
          24568.148632996475,
          0.0,
          3208.5188969119163
        ],
        [
          0.0,
          24612.198848859585,
          2146.273870075626
        ],
        [
          0.0,
          0.0,
          1.0
        ]
      ]
    },
    "DSC_0324": {
      "R": [
        [
          -0.99209423372837,
          -0.0869633549462361,
          0.09047876159305726
        ],
        [
          -0.11991149403682323,
          0.8695598733725756,
          -0.4790478683995233
        ],
        [
          -0.0370170906579008,
          -0.4861100714002591,
          -0.8731132420725618
        ]
      ],
      "t": [
        -2.8609659129969978,
        -1.4805687973534598,
        1793.3114599099881
      ],
      "K": [
        [
          24568.148632996475,
          0.0,
          3208.5188969119163
        ],
        [
          0.0,
          24612.198848859585,
          2146.273870075626
        ],
        [
          0.0,
          0.0,
          1.0
        ]
      ]
    },
    "DSC_0328": {
      "R": [
        [
          -0.9609103366060038,
          0.186601880123804,
          0.20452643677040414
        ],
        [
          0.051957939689275395,
          0.8471543337883792,
          -0.5288004417989959
        ],
        [
          -0.27194061393433355,
          -0.4975030382598976,
          -0.8237348052712042
        ]
      ],
      "t": [
        5.296122772111768,
        -5.7155430446075774,
        1604.3111744028324
      ],
      "K": [
        [
          24568.148632996475,
          0.0,
          3208.5188969119163
        ],
        [
          0.0,
          24612.198848859585,
          2146.273870075626
        ],
        [
          0.0,
          0.0,
          1.0
        ]
      ]
    },
    "DSC_0329": {
      "R": [
        [
          -0.968088553125,
          0.1630465715895951,
          0.1903164963980348
        ],
        [
          0.03552830096875431,
          0.8410392445292024,
          -0.5398061957703181
        ],
        [
          -0.2480771918952199,
          -0.5158185772678495,
          -0.8199932330249768
        ]
      ],
      "t": [
        53.56814194948996,
        7.682138307806011,
        1604.0419999389528
      ],
      "K": [
        [
          24568.148632996475,
          0.0,
          3208.5188969119163
        ],
        [
          0.0,
          24612.198848859585,
          2146.273870075626
        ],
        [
          0.0,
          0.0,
          1.0
        ]
      ]
    },
    "DSC_0332": {
      "R": [
        [
          -0.9509476833087527,
          0.20736788624163965,
          0.22955840948523437
        ],
        [
          0.05118381981696357,
          0.8373043497751337,
          -0.5443359646730923
        ],
        [
          -0.30508805318901094,
          -0.5058853482789512,
          -0.8068465121682212
        ]
      ],
      "t": [
        -39.21877933143277,
        10.63467344978862,
        1606.1447980609232
      ],
      "K": [
        [
          24568.148632996475,
          0.0,
          3208.5188969119163
        ],
        [
          0.0,
          24612.198848859585,
          2146.273870075626
        ],
        [
          0.0,
          0.0,
          1.0
        ]
      ]
    },
    "DSC_0350": {
      "R": [
        [
          -0.9723283385562381,
          0.1491217540597331,
          0.17983410273530984
        ],
        [
          0.023165926919224186,
          0.8275273593234211,
          -0.5609472429749338
        ],
        [
          -0.23246707696024113,
          -0.5412588770979694,
          -0.808082846057387
        ]
      ],
      "t": [
        9.835854050156572,
        3.412384534913415,
        1783.7768699401768
      ],
      "K": [
        [
          24568.148632996475,
          0.0,
          3208.5188969119163
        ],
        [
          0.0,
          24612.198848859585,
          2146.273870075626
        ],
        [
          0.0,
          0.0,
          1.0
        ]
      ]
    },
    "DSC_0356": {
      "R": [
        [
          -0.9143410222292712,
          0.31726778865471045,
          0.2516379251044675
        ],
        [
          0.13386305439655177,
          0.8232888917500286,
          -0.5516122581928682
        ],
        [
          -0.38217950983321625,
          -0.470676694773769,
          -0.7952372421236841
        ]
      ],
      "t": [
        -1.1327480652209445,
        -4.880604112277516,
        1623.4969179939112
      ],
      "K": [
        [
          24568.148632996475,
          0.0,
          3208.5188969119163
        ],
        [
          0.0,
          24612.198848859585,
          2146.273870075626
        ],
        [
          0.0,
          0.0,
          1.0
        ]
      ]
    },
    "DSC_0357": {
      "R": [
        [
          -0.9703848143711582,
          0.1440303665391287,
          0.1939292797708924
        ],
        [
          0.02413778867757367,
          0.8566017460903926,
          -0.5154132475525325
        ],
        [
          -0.2403553186339125,
          -0.4954681645771962,
          -0.8347099009206101
        ]
      ],
      "t": [
        1.3260212269324352,
        -2.0438163093397974,
        1592.1585757947794
      ],
      "K": [
        [
          24568.148632996475,
          0.0,
          3208.5188969119163
        ],
        [
          0.0,
          24612.198848859585,
          2146.273870075626
        ],
        [
          0.0,
          0.0,
          1.0
        ]
      ]
    },
    "DSC_0358": {
      "R": [
        [
          -0.996001252809288,
          -0.037312317147421,
          0.08117447499934377
        ],
        [
          -0.07149214838887213,
          0.8777626563760302,
          -0.47373156089755847
        ],
        [
          -0.05357590056240122,
          -0.4776405657613096,
          -0.8769202431339714
        ]
      ],
      "t": [
        -9.924976634098353,
        2.5568147412267215,
        1557.8144467815669
      ],
      "K": [
        [
          24568.148632996475,
          0.0,
          3208.5188969119163
        ],
        [
          0.0,
          24612.198848859585,
          2146.273870075626
        ],
        [
          0.0,
          0.0,
          1.0
        ]
      ]
    },
    "DSC_0360": {
      "R": [
        [
          -0.9835957092340051,
          -0.1668686156493318,
          0.06851529674262552
        ],
        [
          -0.18013119931780525,
          0.8883717857357757,
          -0.4223130608221315
        ],
        [
          0.009603739312558333,
          -0.42772705715199244,
          -0.9038569205196764
        ]
      ],
      "t": [
        -11.91253981144922,
        -13.090260817815071,
        1713.1454313360564
      ],
      "K": [
        [
          24568.148632996475,
          0.0,
          3208.5188969119163
        ],
        [
          0.0,
          24612.198848859585,
          2146.273870075626
        ],
        [
          0.0,
          0.0,
          1.0
        ]
      ]
    },
    "DSC_0361": {
      "R": [
        [
          -0.9930705900686887,
          -0.07660414790386486,
          0.08912130870083357
        ],
        [
          -0.10958064951441984,
          0.8775948489151896,
          -0.4667112195025127
        ],
        [
          -0.04246038615726843,
          -0.47324315703605,
          -0.8799079667362536
        ]
      ],
      "t": [
        2.1308010737832888,
        -3.220058350505586,
        1709.0182138017092
      ],
      "K": [
        [
          24568.148632996475,
          0.0,
          3208.5188969119163
        ],
        [
          0.0,
          24612.198848859585,
          2146.273870075626
        ],
        [
          0.0,
          0.0,
          1.0
        ]
      ]
    },
    "DSC_0362": {
      "R": [
        [
          -0.9910374384411433,
          0.05305132963304228,
          0.12259833617216583
        ],
        [
          -0.016265584033354225,
          0.8630074251322689,
          -0.5049293167787204
        ],
        [
          -0.13259044605125583,
          -0.5023979902335775,
          -0.8544097570985429
        ]
      ],
      "t": [
        0.26658361498474314,
        1.3783999211569806,
        1612.9741338673173
      ],
      "K": [
        [
          24568.148632996475,
          0.0,
          3208.5188969119163
        ],
        [
          0.0,
          24612.198848859585,
          2146.273870075626
        ],
        [
          0.0,
          0.0,
          1.0
        ]
      ]
    },
    "DSC_0363": {
      "R": [
        [
          -0.9665236408075976,
          0.18687715933394158,
          0.17580949655608158
        ],
        [
          0.06747015432663003,
          0.8462103605693972,
          -0.5285601232973894
        ],
        [
          -0.24754763185126005,
          -0.4990039608903795,
          -0.8304909493670269
        ]
      ],
      "t": [
        11.359839044438647,
        12.334392492122836,
        1612.1399935098473
      ],
      "K": [
        [
          24568.148632996475,
          0.0,
          3208.5188969119163
        ],
        [
          0.0,
          24612.198848859585,
          2146.273870075626
        ],
        [
          0.0,
          0.0,
          1.0
        ]
      ]
    },
    "DSC_0366": {
      "R": [
        [
          -0.9568517787496402,
          0.2087240922557999,
          0.20216064606060719
        ],
        [
          0.0636947952555569,
          0.8294633313362654,
          -0.5549176110251844
        ],
        [
          -0.28350951758451154,
          -0.5180973222093871,
          -0.8069681023178427
        ]
      ],
      "t": [
        19.02620392589465,
        2.931278487199539,
        1676.4662662015462
      ],
      "K": [
        [
          24568.148632996475,
          0.0,
          3208.5188969119163
        ],
        [
          0.0,
          24612.198848859585,
          2146.273870075626
        ],
        [
          0.0,
          0.0,
          1.0
        ]
      ]
    },
    "DSC_0367": {
      "R": [
        [
          -0.9392455586681442,
          0.23944347652777245,
          0.24593617479024882
        ],
        [
          0.06300814503753935,
          0.8245991109805753,
          -0.5621977230734516
        ],
        [
          -0.3374133283987077,
          -0.5125457323189211,
          -0.7895879419675599
        ]
      ],
      "t": [
        -27.571944965437048,
        14.958440763447767,
        1719.917315698658
      ],
      "K": [
        [
          24568.148632996475,
          0.0,
          3208.5188969119163
        ],
        [
          0.0,
          24612.198848859585,
          2146.273870075626
        ],
        [
          0.0,
          0.0,
          1.0
        ]
      ]
    },
    "DSC_0369": {
      "R": [
        [
          -0.9795064895648395,
          0.12048949793071115,
          0.16139801048578642
        ],
        [
          0.017185980869658175,
          0.8484063418384858,
          -0.5290664619778754
        ],
        [
          -0.20067804803194747,
          -0.5154502497978287,
          -0.833090247825194
        ]
      ],
      "t": [
        -4.402221176018978,
        3.4901184072513973,
        1681.3404639752064
      ],
      "K": [
        [
          24568.148632996475,
          0.0,
          3208.5188969119163
        ],
        [
          0.0,
          24612.198848859585,
          2146.273870075626
        ],
        [
          0.0,
          0.0,
          1.0
        ]
      ]
    },
    "DSC_0371": {
      "R": [
        [
          -0.9684102794362006,
          0.16844299497434365,
          0.18387084631983702
        ],
        [
          0.04426832246416909,
          0.8417820585828448,
          -0.5379993322247121
        ],
        [
          -0.24540139834260977,
          -0.5128644297395766,
          -0.8226470873949477
        ]
      ],
      "t": [
        -52.98573404240736,
        9.496123446117283,
        1699.1390097064332
      ],
      "K": [
        [
          24568.148632996475,
          0.0,
          3208.5188969119163
        ],
        [
          0.0,
          24612.198848859585,
          2146.273870075626
        ],
        [
          0.0,
          0.0,
          1.0
        ]
      ]
    },
    "DSC_0373": {
      "R": [
        [
          -0.9820575478554529,
          0.1069239413410559,
          0.15533912407448872
        ],
        [
          -0.056127878592178715,
          0.6206668826574142,
          -0.7820628376397057
        ],
        [
          -0.18003509087085387,
          -0.7767495680979949,
          -0.6035291828194407
        ]
      ],
      "t": [
        9.525801286016831,
        -6.816419836617632,
        1613.661578571786
      ],
      "K": [
        [
          24568.148632996475,
          0.0,
          3208.5188969119163
        ],
        [
          0.0,
          24612.198848859585,
          2146.273870075626
        ],
        [
          0.0,
          0.0,
          1.0
        ]
      ]
    },
    "DSC_0379": {
      "R": [
        [
          -0.9661341970863594,
          -0.25412052427647125,
          -0.04480482520607745
        ],
        [
          -0.12494421991158867,
          0.6126235240988257,
          -0.7804366467762898
        ],
        [
          0.22577345975774107,
          -0.7484084291763329,
          -0.6236274272406831
        ]
      ],
      "t": [
        -18.451451253142178,
        -7.389238358661406,
        1645.797977326062
      ],
      "K": [
        [
          24568.148632996475,
          0.0,
          3208.5188969119163
        ],
        [
          0.0,
          24612.198848859585,
          2146.273870075626
        ],
        [
          0.0,
          0.0,
          1.0
        ]
      ]
    },
    "DSC_0380": {
      "R": [
        [
          -0.9514191373604508,
          -0.29714908367429543,
          -0.08064767284814975
        ],
        [
          -0.1142936454238098,
          0.5840561781624499,
          -0.8036263705018697
        ],
        [
          0.2858996111925164,
          -0.7553679916582371,
          -0.5896444772048401
        ]
      ],
      "t": [
        81.0332173129944,
        -3.917083029995561,
        1747.2723950095158
      ],
      "K": [
        [
          24568.148632996475,
          0.0,
          3208.5188969119163
        ],
        [
          0.0,
          24612.198848859585,
          2146.273870075626
        ],
        [
          0.0,
          0.0,
          1.0
        ]
      ]
    }
  },
  "points_3d": {
    "1000": {
      "xyz": [
        -5.883355188902464,
        -2.450517574057921,
        -10.40891152434756
      ],
      "observations": {
        "DSC_0318": [
          3317.98876953125,
          2156.993408203125
        ],
        "DSC_0302": [
          3286.999267578125,
          2023.982177734375
        ],
        "DSC_0306": [
          3071.908203125,
          1775.7918701171875
        ],
        "DSC_0307": [
          3139.965576171875,
          2656.6005859375
        ],
        "DSC_0308": [
          4118.01318359375,
          2197.566162109375
        ],
        "DSC_0319": [
          3430.9580078125,
          2135.97802734375
        ],
        "DSC_0320": [
          3490.7958984375,
          2482.72802734375
        ],
        "DSC_0322": [
          3588.87109375,
          2121.937255859375
        ],
        "DSC_0328": [
          3334.990478515625,
          2107.9931640625
        ],
        "DSC_0329": [
          4074.0068359375,
          2313.482666015625
        ],
        "DSC_0332": [
          2653.921142578125,
          2358.82763671875
        ],
        "DSC_0350": [
          3390.951171875,
          2242.960205078125
        ],
        "DSC_0356": [
          3221.0,
          2117.9990234375
        ],
        "DSC_0357": [
          3279.99462890625,
          2161.99658203125
        ],
        "DSC_0358": [
          3132.0,
          2236.989013671875
        ],
        "DSC_0360": [
          3116.97705078125,
          2007.9637451171875
        ],
        "DSC_0362": [
          3279.989501953125,
          2216.987548828125
        ],
        "DSC_0366": [
          3529.87353515625,
          2236.92041015625
        ],
        "DSC_0367": [
          2850.99169921875,
          2407.875
        ],
        "DSC_0369": [
          3199.998046875,
          2244.986328125
        ],
        "DSC_0371": [
          2496.843505859375,
          2329.74853515625
        ],
        "DSC_0373": [
          3410.96337890625,
          2147.98046875
        ],
        "DSC_0379": [
          3034.9775390625,
          2145.98583984375
        ],
        "DSC_0380": [
          4444.037109375,
          2198.214599609375
        ]
      },
      "error": 0.8323699131599671,
      "n_views": 24
    },
    "1001": {
      "xyz": [
        3.8991197465295175,
        -4.339144284520297,
        -11.790814506613556
      ],
      "observations": {
        "DSC_0318": [
          3174.998779296875,
          2139.999267578125
        ],
        "DSC_0302": [
          3140.984130859375,
          2015.97021484375
        ],
        "DSC_0306": [
          2925.819091796875,
          1766.7327880859375
        ],
        "DSC_0307": [
          2995.01904296875,
          2647.6279296875
        ],
        "DSC_0308": [
          3971.3359375,
          2188.697021484375
        ],
        "DSC_0309": [
          3025.955078125,
          2040.9600830078125
        ],
        "DSC_0310": [
          2077.260986328125,
          1936.3056640625
        ],
        "DSC_0311": [
          4047.279541015625,
          2060.71923828125
        ],
        "DSC_0312": [
          3083.965087890625,
          1992.9515380859375
        ],
        "DSC_0319": [
          3288.996337890625,
          2121.997314453125
        ],
        "DSC_0320": [
          3342.90673828125,
          2480.793701171875
        ],
        "DSC_0323": [
          3243.98828125,
          2290.966064453125
        ],
        "DSC_0324": [
          3107.9921875,
          2144.9951171875
        ],
        "DSC_0328": [
          3183.998046875,
          2100.996337890625
        ],
        "DSC_0329": [
          3920.336669921875,
          2307.63134765625
        ],
        "DSC_0332": [
          2500.86083984375,
          2353.74169921875
        ],
        "DSC_0350": [
          3253.9921875,
          2234.9853515625
        ],
        "DSC_0356": [
          3072.983154296875,
          2124.9892578125
        ],
        "DSC_0357": [
          3125.9951171875,
          2152.9970703125
        ],
        "DSC_0358": [
          2980.975341796875,
          2210.976318359375
        ],
        "DSC_0361": [
          3173.998046875,
          2117.997802734375
        ],
        "DSC_0362": [
          3128.998291015625,
          2199.9951171875
        ],
        "DSC_0366": [
          3382.9560546875,
          2235.964599609375
        ],
        "DSC_0367": [
          2708.95947265625,
          2405.827392578125
        ],
        "DSC_0369": [
          3053.9931640625,
          2234.984130859375
        ],
        "DSC_0371": [
          2350.776611328125,
          2323.64208984375
        ],
        "DSC_0373": [
          3259.998046875,
          2138.998779296875
        ]
      },
      "error": 0.5501761638100523,
      "n_views": 27
    },
    "1002": {
      "xyz": [
        4.888692707913825,
        -8.301496010369343,
        -2.8015220236725433
      ],
      "observations": {
        "DSC_0318": [
          3178.991943359375,
          2021.9765625
        ],
        "DSC_0319": [
          3288.999267578125,
          2004.976318359375
        ],
        "DSC_0322": [
          3445.97509765625,
          1992.9644775390625
        ],
        "DSC_0363": [
          3277.9853515625,
          2254.976318359375
        ],
        "DSC_0369": [
          3052.9775390625,
          2117.9853515625
        ]
      },
      "error": 0.6148946374282093,
      "n_views": 5
    },
    "1003": {
      "xyz": [
        -4.818570960095636,
        -6.2559249612334815,
        -1.1098137962230772
      ],
      "observations": {
        "DSC_0318": [
          3320.996826171875,
          2039.9854736328125
        ],
        "DSC_0319": [
          3429.97705078125,
          2018.972412109375
        ],
        "DSC_0363": [
          3430.92822265625,
          2257.943115234375
        ]
      },
      "error": 0.3978499284080887,
      "n_views": 3
    },
    "1020": {
      "xyz": [
        -25.41962164270319,
        -3.045710718906579,
        -6.828146875012664
      ],
      "observations": {
        "DSC_0318": [
          3599.858154296875,
          2134.9306640625
        ],
        "DSC_0319": [
          3708.76953125,
          2105.89453125
        ],
        "DSC_0320": [
          3770.49658203125,
          2423.618896484375
        ],
        "DSC_0322": [
          3873.572021484375,
          2082.819091796875
        ],
        "DSC_0323": [
          3644.72705078125,
          2327.806396484375
        ],
        "DSC_0324": [
          3508.908203125,
          2175.950439453125
        ],
        "DSC_0329": [
          4368.21630859375,
          2267.2119140625
        ],
        "DSC_0356": [
          3499.94677734375,
          2040.9647216796875
        ],
        "DSC_0360": [
          3395.9853515625,
          2026.9776611328125
        ],
        "DSC_0361": [
          3594.857421875,
          2147.92919921875
        ],
        "DSC_0362": [
          3577.856201171875,
          2186.92333984375
        ],
        "DSC_0371": [
          2776.931640625,
          2281.90771484375
        ]
      },
      "error": 0.5727142498531652,
      "n_views": 12
    },
    "1021": {
      "xyz": [
        -15.035755638231725,
        -2.547907815978054,
        -7.059187130883831
      ],
      "observations": {
        "DSC_0318": [
          3453.947998046875,
          2136.972900390625
        ],
        "DSC_0319": [
          3564.8916015625,
          2111.94677734375
        ],
        "DSC_0320": [
          3629.674560546875,
          2442.696533203125
        ],
        "DSC_0322": [
          3726.755615234375,
          2093.889404296875
        ],
        "DSC_0323": [
          3502.86279296875,
          2315.884521484375
        ],
        "DSC_0324": [
          3366.97509765625,
          2165.98583984375
        ],
        "DSC_0328": [
          3479.949951171875,
          2070.970458984375
        ],
        "DSC_0329": [
          4218.66552734375,
          2280.37109375
        ],
        "DSC_0350": [
          3520.888427734375,
          2212.93408203125
        ],
        "DSC_0356": [
          3358.9892578125,
          2069.988037109375
        ],
        "DSC_0357": [
          3426.96044921875,
          2131.979248046875
        ],
        "DSC_0360": [
          3249.99853515625,
          2006.97607421875
        ],
        "DSC_0361": [
          3445.950927734375,
          2138.974365234375
        ],
        "DSC_0362": [
          3422.94970703125,
          2189.9697265625
        ],
        "DSC_0366": [
          3666.769287109375,
          2201.878662109375
        ],
        "DSC_0369": [
          3335.97607421875,
          2216.97998046875
        ],
        "DSC_0371": [
          2629.88134765625,
          2298.837158203125
        ]
      },
      "error": 0.8993618613745011,
      "n_views": 17
    },
    "1022": {
      "xyz": [
        -13.939817606294636,
        -6.606671604917243,
        2.2061823266693024
      ],
      "observations": {
        "DSC_0318": [
          3456.96875,
          2015.96826171875
        ],
        "DSC_0309": [
          3295.993896484375,
          1878.9161376953125
        ],
        "DSC_0310": [
          2350.33447265625,
          1770.3990478515625
        ],
        "DSC_0311": [
          4319.73193359375,
          1895.595947265625
        ],
        "DSC_0312": [
          3356.99267578125,
          1829.88818359375
        ],
        "DSC_0319": [
          3563.92333984375,
          1990.9449462890625
        ],
        "DSC_0358": [
          3278.99853515625,
          2093.995849609375
        ],
        "DSC_0362": [
          3420.9736328125,
          2065.98046875
        ],
        "DSC_0363": [
          3574.846923828125,
          2216.912109375
        ],
        "DSC_0369": [
          3337.990966796875,
          2094.992431640625
        ],
        "DSC_0379": [
          3156.982421875,
          1975.9552001953125
        ],
        "DSC_0380": [
          4558.7978515625,
          2035.2757568359375
        ]
      },
      "error": 0.9205625083252862,
      "n_views": 12
    },
    "1023": {
      "xyz": [
        -24.022575843667816,
        -6.284049711267868,
        3.526465960700982
      ],
      "observations": {
        "DSC_0318": [
          3602.892822265625,
          2015.9388427734375
        ],
        "DSC_0302": [
          3571.942138671875,
          1840.8916015625
        ],
        "DSC_0306": [
          3356.959716796875,
          1595.6722412109375
        ],
        "DSC_0307": [
          3425.8525390625,
          2476.76611328125
        ],
        "DSC_0308": [
          4403.37158203125,
          2019.4515380859375
        ],
        "DSC_0309": [
          3441.984619140625,
          1874.9176025390625
        ],
        "DSC_0310": [
          2497.46728515625,
          1768.5047607421875
        ],
        "DSC_0311": [
          4467.271484375,
          1892.4822998046875
        ],
        "DSC_0312": [
          3503.969970703125,
          1827.8890380859375
        ],
        "DSC_0319": [
          3707.815673828125,
          1986.9058837890625
        ],
        "DSC_0332": [
          2951.961181640625,
          2180.97119140625
        ],
        "DSC_0350": [
          3659.824951171875,
          2086.91796875
        ],
        "DSC_0357": [
          3583.910400390625,
          1994.941162109375
        ],
        "DSC_0358": [
          3436.962890625,
          2097.97900390625
        ],
        "DSC_0362": [
          3575.8984375,
          2062.947509765625
        ],
        "DSC_0363": [
          3725.704833984375,
          2200.84912109375
        ],
        "DSC_0366": [
          3812.667724609375,
          2062.85693359375
        ],
        "DSC_0367": [
          3127.999755859375,
          2236.98876953125
        ],
        "DSC_0369": [
          3484.94482421875,
          2084.9697265625
        ],
        "DSC_0371": [
          2774.884765625,
          2163.913818359375
        ],
        "DSC_0373": [
          3708.822509765625,
          1961.9033203125
        ],
        "DSC_0379": [
          3300.998779296875,
          1980.9678955078125
        ],
        "DSC_0380": [
          4695.22607421875,
          2038.1116943359375
        ]
      },
      "error": 0.6640548728252244,
      "n_views": 23
    },
    "1030": {
      "xyz": [
        -39.82737145507464,
        -16.078470439103683,
        -10.89656874593575
      ],
      "observations": {
        "DSC_0318": [
          3779.72802734375,
          2018.8787841796875
        ],
        "DSC_0309": [
          3651.866455078125,
          1978.921875
        ],
        "DSC_0310": [
          2707.707275390625,
          1871.7342529296875
        ],
        "DSC_0311": [
          4674.3701171875,
          1994.189208984375
        ],
        "DSC_0312": [
          3709.830322265625,
          1931.8983154296875
        ],
        "DSC_0319": [
          3885.603759765625,
          1986.834716796875
        ],
        "DSC_0358": [
          3667.816162109375,
          2090.914306640625
        ],
        "DSC_0379": [
          3573.8916015625,
          2090.946533203125
        ],
        "DSC_0380": [
          4953.78466796875,
          2145.56689453125
        ]
      },
      "error": 0.5488477282763272,
      "n_views": 9
    },
    "1031": {
      "xyz": [
        -29.771428455405122,
        -15.417274854984448,
        -11.134222506252915
      ],
      "observations": {
        "DSC_0318": [
          3640.86279296875,
          2021.928466796875
        ],
        "DSC_0309": [
          3508.953857421875,
          1976.9520263671875
        ],
        "DSC_0310": [
          2563.591552734375,
          1870.650634765625
        ],
        "DSC_0311": [
          4529.95361328125,
          1992.34912109375
        ],
        "DSC_0312": [
          3565.933837890625,
          1928.92919921875
        ],
        "DSC_0319": [
          3746.7744140625,
          1993.892578125
        ],
        "DSC_0358": [
          3510.93017578125,
          2090.963623046875
        ],
        "DSC_0379": [
          3426.969482421875,
          2079.98046875
        ],
        "DSC_0380": [
          4815.52197265625,
          2138.796630859375
        ]
      },
      "error": 0.5830650637412368,
      "n_views": 9
    },
    "1032": {
      "xyz": [
        -31.179933610302914,
        -25.053998675062854,
        -10.75672236090726
      ],
      "observations": {
        "DSC_0318": [
          3652.884033203125,
          1901.904541015625
        ],
        "DSC_0319": [
          3754.80322265625,
          1875.8729248046875
        ],
        "DSC_0323": [
          3741.734130859375,
          2104.8798828125
        ],
        "DSC_0324": [
          3604.906494140625,
          1951.9283447265625
        ],
        "DSC_0360": [
          3523.964599609375,
          1788.8638916015625
        ],
        "DSC_0361": [
          3691.85205078125,
          1908.8978271484375
        ],
        "DSC_0362": [
          3636.88916015625,
          1931.91650390625
        ]
      },
      "error": 1.3971473125187714,
      "n_views": 7
    },
    "1033": {
      "xyz": [
        -41.73149473019847,
        -26.819027828806785,
