{
  "cameras": {
    "DSC_0318": {
      "R": [
        [
          -0.9863916443229497,
          0.04546795204848586,
          0.15800059919628215
        ],
        [
          -0.04704361874021354,
          0.8427689793457084,
          -0.5362157638380449
        ],
        [
          -0.15753863635849155,
          -0.5363516689534107,
          -0.8291613023201203
        ]
      ],
      "t": [
        3.496814672473791,
        -2.9734121169597247,
        1708.2586563927373
      ],
      "K": [
        [
          24568.148632996475,
          0.0,
          3208.5188969119163
        ],
        [
          0.0,
          24612.198848859585,
          2146.273870075626
        ],
        [
          0.0,
          0.0,
          1.0
        ]
      ]
    },
    "DSC_0302": {
      "R": [
        [
          -0.9784109227302941,
          0.1265144908011881,
          0.16342016368664716
        ],
        [
          -0.05388464592768486,
          0.6072217194818924,
          -0.7927031148688028
        ],
        [
          -0.19952070372596045,
          -0.784395223727663,
          -0.5872951743186106
        ]
      ],
      "t": [
        1.5291811053954885,
        -15.300733021226293,
        1670.2375160305517
      ],
      "K": [
        [
          24568.148632996475,
          0.0,
          3208.5188969119163
        ],
        [
          0.0,
          24612.198848859585,
          2146.273870075626
        ],
        [
          0.0,
          0.0,
          1.0
        ]
      ]
    },
    "DSC_0306": {
      "R": [
        [
          -0.9770003909352204,
          0.12461973544220088,
          0.17303224454055505
        ],
        [
          -0.062072630439667806,
          0.6101031739535265,
          -0.7898867676332693
        ],
        [
          -0.2040030016022485,
          -0.7824602473417737,
          -0.5883355646798207
        ]
      ],
      "t": [
        -13.120906895317683,
        -32.30347198258573,
        1674.5707855455933
      ],
      "K": [
        [
          24568.148632996475,
          0.0,
          3208.5188969119163
        ],
        [
          0.0,
          24612.198848859585,
          2146.273870075626
        ],
        [
          0.0,
          0.0,
          1.0
        ]
      ]
    },
    "DSC_0307": {
      "R": [
        [
          -0.9774251187031235,
          0.12241341563843916,
          0.17220654168734575
        ],
        [
          -0.06937324693409166,
          0.5839241522482789,
          -0.8088386347294186
        ],
        [
          -0.19956825884395132,
          -0.8025257255022166,
          -0.5622499177137641
        ]
      ],
      "t": [
        -8.432554918456963,
        27.677016964464435,
        1676.0231721516898
      ],
      "K": [
        [
          24568.148632996475,
          0.0,
          3208.5188969119163
        ],
        [
          0.0,
          24612.198848859585,
          2146.273870075626
        ],
        [
          0.0,
          0.0,
          1.0
        ]
      ]
    },
    "DSC_0308": {
      "R": [
        [
          -0.9834769632517004,
          0.09368963589922627,
          0.15490421194494347
        ],
        [
          -0.06883622024188107,
          0.597862358216255,
          -0.798637699718032
        ],
        [
          -0.16743547275301252,
          -0.7961048001068507,
          -0.5815346160898821
        ]
      ],
      "t": [
        58.342233542308506,
        -3.5729701893326147,
        1677.4177334632375
      ],
      "K": [
        [
          24568.148632996475,
          0.0,
          3208.5188969119163
        ],
        [
          0.0,
          24612.198848859585,
          2146.273870075626
        ],
        [
          0.0,
          0.0,
          1.0
        ]
      ]
    },
    "DSC_0309": {
      "R": [
        [
          -0.9967173856117936,
          -0.011362623728683557,
          0.0801582435011628
        ],
        [
          -0.070565636955908,
          0.6072671245147716,
          -0.7913577764605387
        ],
        [
          -0.03968556538841725,
          -0.7944164715472365,
          -0.6060755114952596
        ]
      ],
      "t": [
        -8.04003965262394,
        -13.654660007203749,
        1702.4060575901499
      ],
      "K": [
        [
          24568.148632996475,
          0.0,
          3208.5188969119163
        ],
        [
          0.0,
          24612.198848859585,
          2146.273870075626
        ],
        [
          0.0,
          0.0,
          1.0
        ]
      ]
    },
    "DSC_0310": {
      "R": [
        [
          -0.9940485881783078,
          0.026375562615954255,
          0.10569642395750685
        ],
        [
          -0.06774052508185502,
          0.6101936415595154,
          -0.7893509619060278
        ],
        [
          -0.08531486155616573,
          -0.7918131405180321,
          -0.6047754334466832
        ]
      ],
      "t": [
        -72.97727946021625,
        -20.79510382243855,
        1686.21426894414
      ],
      "K": [
        [
          24568.148632996475,
          0.0,
          3208.5188969119163
        ],
        [
          0.0,
          24612.198848859585,
          2146.273870075626
        ],
        [
          0.0,
          0.0,
          1.0
        ]
      ]
    },
    "DSC_0311": {
      "R": [
        [
          -0.997692149854896,
          -0.02656356946755733,
          0.06248800600961731
        ],
        [
          -0.06567245747634817,
          0.6112905609583569,
          -0.7886767261763434
        ],
        [
          -0.01724825924355714,
          -0.7909603193968455,
          -0.6116242888348264
        ]
      ],
      "t": [
        62.50412504272377,
        -12.234346441676923,
        1691.4278745909571
      ],
      "K": [
        [
          24568.148632996475,
          0.0,
          3208.5188969119163
        ],
        [
          0.0,
          24612.198848859585,
          2146.273870075626
        ],
        [
          0.0,
          0.0,
          1.0
        ]
      ]
    },
    "DSC_0312": {
      "R": [
        [
          -0.9957762079422952,
          -0.0005872393303874499,
          0.09181175766769689
        ],
        [
          -0.07305789861848569,
          0.610720872216542,
          -0.7884684899782092
        ],
        [
          -0.05560833701446324,
          -0.7918457371161601,
          -0.6081842167184635
        ]
      ],
      "t": [
        -3.7914643724192687,
        -16.90709949148525,
        1694.0126250808555
      ],
      "K": [
        [
          24568.148632996475,
          0.0,
          3208.5188969119163
        ],
        [
          0.0,
          24612.198848859585,
          2146.273870075626
        ],
        [
          0.0,
          0.0,
          1.0
        ]
      ]
    },
    "DSC_0319": {
      "R": [
        [
          -0.9881537403197893,
          0.06575294613478945,
          0.138667716382025
        ],
        [
          -0.020450102066946214,
          0.8390914627354648,
          -0.5436058411109189
        ],
        [
          -0.1520985825623031,
          -0.5400019141068425,
          -0.8278067129127937
        ]
      ],
      "t": [
        11.357027074943597,
        -4.4243642990819865,
        1724.6110987731472
      ],
      "K": [
        [
          24568.148632996475,
          0.0,
          3208.5188969119163
        ],
        [
          0.0,
          24612.198848859585,
          2146.273870075626
        ],
        [
          0.0,
          0.0,
          1.0
        ]
      ]
    },
    "DSC_0320": {
      "R": [
        [
          -0.9389869025670838,
          0.24507083428962118,
          0.24133769491743876
        ],
        [
          0.06809769945875982,
          0.8202300307886566,
          -0.5679660200406926
        ],
        [
          -0.33714433131212235,
          -0.5168781121048067,
          -0.7868740160223063
        ]
      ],
      "t": [
        16.544186983604902,
        19.24175576594722,
        1652.8243005367412
      ],
      "K": [
        [
          24568.148632996475,
          0.0,
          3208.5188969119163
        ],
        [
          0.0,
          24612.198848859585,
          2146.273870075626
        ],
        [
          0.0,
          0.0,
          1.0
        ]
      ]
    },
    "DSC_0322": {
      "R": [
        [
          -0.9718955707184412,
          0.13620143327009987,
          0.19201085696659428
        ],
        [
          0.010710515577722526,
          0.8403745945305985,
          -0.541900199043691
        ],
        [
          -0.23516862986787748,
          -0.5246138679473725,
          -0.8182151337413419
        ]
      ],
      "t": [
        22.595545075067943,
        -5.116797028352213,
        1675.3032804714787
      ],
      "K": [
        [
          24568.148632996475,
          0.0,
          3208.5188969119163
        ],
        [
          0.0,
          24612.198848859585,
          2146.273870075626
        ],
        [
          0.0,
          0.0,
          1.0
        ]
      ]
    },
    "DSC_0323": {
      "R": [
        [
          -0.9877388697227019,
          -0.08620290110929087,
          0.1301575394637643
        ],
        [
          -0.14057206788164495,
          0.8537613193268869,
          -0.5013293362179113
        ],
        [
          -0.0679074294197457,
          -0.5134789863875203,
          -0.8554109606312319
        ]
      ],
      "t": [
        7.4943591621570596,
        8.951758568702799,
        1793.1990032820343
      ],
      "K": [
        [
          24568.148632996475,
          0.0,
          3208.5188969119163
        ],
        [
          0.0,
          24612.198848859585,
          2146.273870075626
        ],
        [
          0.0,
          0.0,
          1.0
        ]
      ]
    },
    "DSC_0324": {
      "R": [
        [
          -0.9895663177872116,
          -0.07304143021087536,
          0.1241911920138028
        ],
        [
          -0.1257349878803301,
          0.8586830444470385,
          -0.49684418281982246
        ],
        [
          -0.07035066114680552,
          -0.5072754465297071,
          -0.8589076817820955
        ]
      ],
      "t": [
        -2.489620811109078,
        -1.7433064627644628,
        1795.2305653795065
      ],
      "K": [
        [
          24568.148632996475,
          0.0,
          3208.5188969119163
        ],
        [
          0.0,
          24612.198848859585,
          2146.273870075626
        ],
        [
          0.0,
          0.0,
          1.0
        ]
      ]
    },
    "DSC_0328": {
      "R": [
        [
          -0.9583472272574193,
          0.19010325022936508,
          0.21314630247848
        ],
        [
          0.052131743333039354,
          0.8501925061175998,
          -0.5238845138754654
        ],
        [
          -0.2808075379064358,
          -0.4909515829424588,
          -0.8246900447205723
        ]
      ],
      "t": [
        5.276031801709536,
        -5.622658699710307,
        1602.6993866647833
      ],
      "K": [
        [
          24568.148632996475,
          0.0,
          3208.5188969119163
        ],
        [
          0.0,
          24612.198848859585,
          2146.273870075626
        ],
        [
          0.0,
          0.0,
          1.0
        ]
      ]
    },
    "DSC_0329": {
      "R": [
        [
          -0.9649700668100918,
          0.1673418128676218,
          0.2020630788311038
        ],
        [
          0.03301884298686138,
          0.8415124353884327,
          -0.5392277599441989
        ],
        [
          -0.260273944466856,
          -0.5136667584658438,
          -0.8175597440425113
        ]
      ],
      "t": [
        53.506873325181346,
        7.694948626467762,
        1602.0566689788793
      ],
      "K": [
        [
          24568.148632996475,
          0.0,
          3208.5188969119163
        ],
        [
          0.0,
          24612.198848859585,
          2146.273870075626
        ],
        [
          0.0,
          0.0,
          1.0
        ]
      ]
    },
    "DSC_0332": {
      "R": [
        [
          -0.9474232857023992,
          0.21025084137929922,
          0.24121297935261882
        ],
        [
          0.04692922885221491,
          0.8369793688727865,
          -0.5452184732386169
        ],
        [
          -0.31652292995643555,
          -0.5052327382312125,
          -0.8028406535740356
        ]
      ],
      "t": [
        -39.146136491410616,
        10.631378629755071,
        1602.9444897581718
      ],
      "K": [
        [
          24568.148632996475,
          0.0,
          3208.5188969119163
        ],
        [
          0.0,
          24612.198848859585,
          2146.273870075626
        ],
        [
          0.0,
          0.0,
          1.0
        ]
      ]
    },
    "DSC_0350": {
      "R": [
        [
          -0.9707114070124093,
          0.1507953870802397,
          0.1870297183105117
        ],
        [
          0.020353930997124348,
          0.8273039052066115,
          -0.561385755005287
        ],
        [
          -0.23938479857533349,
          -0.5411367661370021,
          -0.8061426167532857
        ]
      ],
      "t": [
        9.805418287954138,
        3.3889856624568226,
        1781.99320548789
      ],
      "K": [
        [
          24568.148632996475,
          0.0,
          3208.5188969119163
        ],
        [
          0.0,
          24612.198848859585,
          2146.273870075626
        ],
        [
          0.0,
          0.0,
          1.0
        ]
      ]
    },
    "DSC_0356": {
      "R": [
        [
          -0.9150720670777545,
          0.3149116015402496,
          0.25194006285106896
        ],
        [
          0.1346553790830401,
          0.8274389013617368,
          -0.5451722602969501
        ],
        [
          -0.38014607841992565,
          -0.4649468224739662,
          -0.7995707669326799
        ]
      ],
      "t": [
        -1.3057721506357969,
        -4.732674923874599,
        1626.5654364523286
      ],
      "K": [
        [
          24568.148632996475,
          0.0,
          3208.5188969119163
        ],
        [
          0.0,
          24612.198848859585,
          2146.273870075626
        ],
        [
          0.0,
          0.0,
          1.0
        ]
      ]
    },
    "DSC_0357": {
      "R": [
        [
          -0.9684877979887684,
          0.14653848489119814,
          0.20138981501719172
        ],
        [
          0.022627707001952477,
          0.8570219071650451,
          -0.5147829032854753
        ],
        [
          -0.24803099004499496,
          -0.49400397071782864,
          -0.833331089599037
        ]
      ],
      "t": [
        1.287970451316421,
        -2.0213763563550393,
        1586.5499443074204
      ],
      "K": [
        [
          24568.148632996475,
          0.0,
          3208.5188969119163
        ],
        [
          0.0,
          24612.198848859585,
          2146.273870075626
        ],
        [
          0.0,
          0.0,
          1.0
        ]
      ]
    },
    "DSC_0358": {
      "R": [
        [
          -0.9952941280175304,
          -0.03303625233703421,
          0.09109448262846404
        ],
        [
          -0.07350119548947665,
          0.8699895942612369,
          -0.48756095017832135
        ],
        [
          -0.06314406540159948,
          -0.49196210413881847,
          -0.8683237386458261
        ]
      ],
      "t": [
        -9.853976041834386,
        2.428458456550337,
        1557.5947200685514
      ],
      "K": [
        [
          24568.148632996475,
          0.0,
          3208.5188969119163
        ],
        [
          0.0,
          24612.198848859585,
          2146.273870075626
        ],
        [
          0.0,
          0.0,
          1.0
        ]
      ]
    },
    "DSC_0360": {
      "R": [
        [
          -0.9828030298803501,
          -0.1438072119261176,
          0.1158347540940992
        ],
        [
          -0.18120285223413732,
          0.8718336560352673,
          -0.45505120870776045
        ],
        [
          -0.03554899154993173,
          -0.4682152944983932,
          -0.8828990356759745
        ]
      ],
      "t": [
        -11.39910636087224,
        -13.41290243315916,
        1716.2419524136085
      ],
      "K": [
        [
          24568.148632996475,
          0.0,
          3208.5188969119163
        ],
        [
          0.0,
          24612.198848859585,
          2146.273870075626
        ],
        [
          0.0,
          0.0,
          1.0
        ]
      ]
    },
    "DSC_0361": {
      "R": [
        [
          -0.9904536263762029,
          -0.06539422016078365,
          0.12134747614924643
        ],
        [
          -0.11657769671930436,
          0.8671474103765502,
          -0.484215870562772
        ],
        [
          -0.07356123045362187,
          -0.49373977421998744,
          -0.8664928047752877
        ]
      ],
      "t": [
        2.4865267718828634,
        -3.4666383874790645,
        1711.8741918739997
      ],
      "K": [
        [
          24568.148632996475,
          0.0,
          3208.5188969119163
        ],
        [
          0.0,
          24612.198848859585,
          2146.273870075626
        ],
        [
          0.0,
          0.0,
          1.0
        ]
      ]
    },
    "DSC_0362": {
      "R": [
        [
          -0.9900252378851881,
          0.05444675412463199,
          0.1299445239926196
        ],
        [
          -0.020958860831855906,
          0.855134019017585,
          -0.5179831422657137
        ],
        [
          -0.13932248383878146,
          -0.5155398728363536,
          -0.8454631186591576
        ]
      ],
      "t": [
        0.2804890594445583,
        1.2429329310317385,
        1613.5220212391162
      ],
      "K": [
        [
          24568.148632996475,
          0.0,
          3208.5188969119163
        ],
        [
          0.0,
          24612.198848859585,
          2146.273870075626
        ],
        [
          0.0,
          0.0,
          1.0
        ]
      ]
    },
    "DSC_0363": {
      "R": [
        [
          -0.9643225679169707,
          0.188724241297884,
          0.18564790802095663
        ],
        [
          0.063515638930302,
          0.8457285831575568,
          -0.5298197120168204
        ],
        [
          -0.256997565391766,
          -0.49912555973106515,
          -0.8275420998389483
        ]
      ],
      "t": [
        11.335116803877073,
        12.30707559891893,
        1608.1109094853484
      ],
      "K": [
        [
          24568.148632996475,
          0.0,
          3208.5188969119163
        ],
        [
          0.0,
          24612.198848859585,
          2146.273870075626
        ],
        [
          0.0,
          0.0,
          1.0
        ]
      ]
    },
    "DSC_0366": {
      "R": [
        [
          -0.9525929266787122,
          0.2140338689241405,
          0.21623186396793925
        ],
        [
          0.061220391712533365,
          0.831016933913627,
          -0.5528679039222285
        ],
        [
          -0.2980247970895199,
          -0.5134202552511523,
          -0.8047240904916368
        ]
      ],
      "t": [
        19.071722148165954,
        2.9806303435110757,
        1676.4740684927779
      ],
      "K": [
        [
          24568.148632996475,
          0.0,
          3208.5188969119163
        ],
        [
          0.0,
          24612.198848859585,
          2146.273870075626
        ],
        [
          0.0,
          0.0,
          1.0
        ]
      ]
    },
    "DSC_0367": {
      "R": [
        [
          -0.931567001944615,
          0.2473843600445782,
          0.266428037738629
        ],
        [
          0.05887474719459007,
          0.8257848987255346,
          -0.5609037931585333
        ],
        [
          -0.35877107607873704,
          -0.5068335816046449,
          -0.7838386540144041
        ]
      ],
      "t": [
        -27.476441943635553,
        14.997091280346751,
        1719.8808425670293
      ],
      "K": [
        [
          24568.148632996475,
          0.0,
          3208.5188969119163
        ],
        [
          0.0,
          24612.198848859585,
          2146.273870075626
        ],
        [
          0.0,
          0.0,
          1.0
        ]
      ]
    },
    "DSC_0369": {
      "R": [
        [
          -0.9787339012816126,
          0.12130941617813724,
          0.16542060339810763
        ],
        [
          0.015094698493906059,
          0.846806629452381,
          -0.5316866392837758
        ],
        [
          -0.2045778594067613,
          -0.517882764592545,
          -0.8306294851367425
        ]
      ],
      "t": [
        -4.443342329783385,
        3.4599935219848983,
        1675.362962100283
      ],
      "K": [
        [
          24568.148632996475,
          0.0,
          3208.5188969119163
        ],
        [
          0.0,
          24612.198848859585,
          2146.273870075626
        ],
        [
          0.0,
          0.0,
          1.0
        ]
      ]
    },
    "DSC_0371": {
      "R": [
        [
          -0.9669523375219146,
          0.17049633176967158,
          0.1895631235604422
        ],
        [
          0.043547884260564634,
          0.8430302908187469,
          -0.5361002803006986
        ],
        [
          -0.25121058643563143,
          -0.5101283462180329,
          -0.8225948648317232
        ]
      ],
      "t": [
        -52.86068958874959,
        9.505966878816764,
        1693.4590828748678
      ],
      "K": [
        [
          24568.148632996475,
          0.0,
          3208.5188969119163
        ],
        [
          0.0,
          24612.198848859585,
          2146.273870075626
        ],
        [
          0.0,
          0.0,
          1.0
        ]
      ]
    },
    "DSC_0373": {
      "R": [
        [
          -0.9799232452505208,
          0.11134781003106885,
          0.16538469886592544
        ],
        [
          -0.06278434156142855,
          0.6149731676718542,
          -0.7860446103742104
        ],
        [
          -0.1892314980979269,
          -0.7806469549322096,
          -0.595635603269888
        ]
      ],
      "t": [
        9.503124116950605,
        -6.783849187111585,
        1610.8882873364637
      ],
      "K": [
        [
          24568.148632996475,
          0.0,
          3208.5188969119163
        ],
        [
          0.0,
          24612.198848859585,
          2146.273870075626
        ],
        [
          0.0,
          0.0,
          1.0
        ]
      ]
    },
    "DSC_0379": {
      "R": [
        [
          -0.9744901700500533,
          -0.22233828152791124,
          -0.030571179941789983
        ],
        [
          -0.118734156195117,
          0.6263384517329953,
          -0.7704559325706742
        ],
        [
          0.19044975355313953,
          -0.7471718894925913,
          -0.636759812585263
        ]
      ],
      "t": [
        -18.340512184872523,
        -7.098280316187379,
        1654.2782824421358
      ],
      "K": [
        [
          24568.148632996475,
          0.0,
          3208.5188969119163
        ],
        [
          0.0,
          24612.198848859585,
          2146.273870075626
        ],
        [
          0.0,
          0.0,
          1.0
        ]
      ]
    },
    "DSC_0380": {
      "R": [
        [
          -0.9621013844410228,
          -0.26364979659637366,
          -0.0696398651015223
        ],
        [
          -0.10819743250732082,
          0.6034965480065891,
          -0.7899906531997413
        ],
        [
          0.25030829322156145,
          -0.752516246534798,
          -0.609151095415323
        ]
      ],
      "t": [
        81.52573186090025,
        -3.5168485311927054,
        1753.8664313414774
      ],
      "K": [
        [
          24568.148632996475,
          0.0,
          3208.5188969119163
        ],
        [
          0.0,
          24612.198848859585,
          2146.273870075626
        ],
        [
          0.0,
          0.0,
          1.0
        ]
      ]
    }
  },
  "points_3d": {
    "1000": {
      "xyz": [
        -5.927783740840547,
        -2.3016477231586476,
        -10.107092042594468
      ],
      "observations": {
        "DSC_0318": [
          3317.98876953125,
          2156.993408203125
        ],
        "DSC_0302": [
          3286.999267578125,
          2023.982177734375
        ],
        "DSC_0306": [
          3071.908203125,
          1775.7918701171875
        ],
        "DSC_0307": [
          3139.965576171875,
          2656.6005859375
        ],
        "DSC_0308": [
          4118.01318359375,
          2197.566162109375
        ],
        "DSC_0319": [
          3430.9580078125,
          2135.97802734375
        ],
        "DSC_0320": [
          3490.7958984375,
          2482.72802734375
        ],
        "DSC_0322": [
          3588.87109375,
          2121.937255859375
        ],
        "DSC_0328": [
          3334.990478515625,
          2107.9931640625
        ],
        "DSC_0329": [
          4074.0068359375,
          2313.482666015625
        ],
        "DSC_0332": [
          2653.921142578125,
          2358.82763671875
        ],
        "DSC_0350": [
          3390.951171875,
          2242.960205078125
        ],
        "DSC_0356": [
          3221.0,
          2117.9990234375
        ],
        "DSC_0357": [
          3279.99462890625,
          2161.99658203125
        ],
        "DSC_0358": [
          3132.0,
          2236.989013671875
        ],
        "DSC_0360": [
          3116.97705078125,
          2007.9637451171875
        ],
        "DSC_0362": [
          3279.989501953125,
          2216.987548828125
        ],
        "DSC_0366": [
          3529.87353515625,
          2236.92041015625
        ],
        "DSC_0367": [
          2850.99169921875,
          2407.875
        ],
        "DSC_0369": [
          3199.998046875,
          2244.986328125
        ],
        "DSC_0371": [
          2496.843505859375,
          2329.74853515625
        ],
        "DSC_0373": [
          3410.96337890625,
          2147.98046875
        ],
        "DSC_0379": [
          3034.9775390625,
          2145.98583984375
        ],
        "DSC_0380": [
          4444.037109375,
          2198.214599609375
        ]
      },
      "error": 0.6520936751143847,
      "n_views": 24
    },
    "1001": {
      "xyz": [
        3.812950802627926,
        -4.238610039753321,
        -11.614379648267263
      ],
      "observations": {
        "DSC_0318": [
          3174.998779296875,
          2139.999267578125
        ],
        "DSC_0302": [
          3140.984130859375,
          2015.97021484375
        ],
        "DSC_0306": [
          2925.819091796875,
          1766.7327880859375
        ],
        "DSC_0307": [
          2995.01904296875,
          2647.6279296875
        ],
        "DSC_0308": [
          3971.3359375,
          2188.697021484375
        ],
        "DSC_0309": [
          3025.955078125,
          2040.9600830078125
        ],
        "DSC_0310": [
          2077.260986328125,
          1936.3056640625
        ],
        "DSC_0311": [
          4047.279541015625,
          2060.71923828125
        ],
        "DSC_0312": [
          3083.965087890625,
          1992.9515380859375
        ],
        "DSC_0319": [
          3288.996337890625,
          2121.997314453125
        ],
        "DSC_0320": [
          3342.90673828125,
          2480.793701171875
        ],
        "DSC_0323": [
          3243.98828125,
          2290.966064453125
        ],
        "DSC_0324": [
          3107.9921875,
          2144.9951171875
        ],
        "DSC_0328": [
          3183.998046875,
          2100.996337890625
        ],
        "DSC_0329": [
          3920.336669921875,
          2307.63134765625
        ],
        "DSC_0332": [
          2500.86083984375,
          2353.74169921875
        ],
        "DSC_0350": [
          3253.9921875,
          2234.9853515625
        ],
        "DSC_0356": [
          3072.983154296875,
          2124.9892578125
        ],
        "DSC_0357": [
          3125.9951171875,
          2152.9970703125
        ],
        "DSC_0358": [
          2980.975341796875,
          2210.976318359375
        ],
        "DSC_0361": [
          3173.998046875,
          2117.997802734375
        ],
        "DSC_0362": [
          3128.998291015625,
          2199.9951171875
        ],
        "DSC_0366": [
          3382.9560546875,
          2235.964599609375
        ],
        "DSC_0367": [
          2708.95947265625,
          2405.827392578125
        ],
        "DSC_0369": [
          3053.9931640625,
          2234.984130859375
        ],
        "DSC_0371": [
          2350.776611328125,
          2323.64208984375
        ],
        "DSC_0373": [
          3259.998046875,
          2138.998779296875
        ]
      },
      "error": 0.4358749778643562,
      "n_views": 27
    },
    "1002": {
      "xyz": [
        4.767347772810128,
        -8.40973769942103,
        -3.061923485131629
      ],
      "observations": {
        "DSC_0318": [
          3178.991943359375,
          2021.9765625
        ],
        "DSC_0319": [
          3288.999267578125,
          2004.976318359375
        ],
        "DSC_0322": [
          3445.97509765625,
          1992.9644775390625
        ],
        "DSC_0363": [
          3277.9853515625,
          2254.976318359375
        ],
        "DSC_0369": [
          3052.9775390625,
          2117.9853515625
        ]
      },
      "error": 0.3311933577357732,
      "n_views": 5
    },
    "1003": {
      "xyz": [
        -4.911971106025212,
        -6.393211868886582,
        -1.3696809005323272
      ],
      "observations": {
        "DSC_0318": [
          3320.996826171875,
          2039.9854736328125
        ],
        "DSC_0319": [
          3429.97705078125,
          2018.972412109375
        ],
        "DSC_0363": [
          3430.92822265625,
          2257.943115234375
        ]
      },
      "error": 0.13203086464795763,
      "n_views": 3
    },
    "1020": {
      "xyz": [
        -25.350630632278655,
        -2.742200367181456,
        -6.213473120370173
      ],
      "observations": {
        "DSC_0318": [
          3599.858154296875,
          2134.9306640625
        ],
        "DSC_0319": [
          3708.76953125,
          2105.89453125
        ],
        "DSC_0320": [
          3770.49658203125,
          2423.618896484375
        ],
        "DSC_0322": [
          3873.572021484375,
          2082.819091796875
        ],
        "DSC_0323": [
          3644.72705078125,
          2327.806396484375
        ],
        "DSC_0324": [
          3508.908203125,
          2175.950439453125
        ],
        "DSC_0329": [
          4368.21630859375,
          2267.2119140625
        ],
        "DSC_0356": [
          3499.94677734375,
          2040.9647216796875
        ],
        "DSC_0360": [
          3395.9853515625,
          2026.9776611328125
        ],
        "DSC_0361": [
          3594.857421875,
          2147.92919921875
        ],
        "DSC_0362": [
          3577.856201171875,
          2186.92333984375
        ],
        "DSC_0371": [
          2776.931640625,
          2281.90771484375
        ]
      },
      "error": 0.47378514338136474,
      "n_views": 12
    },
    "1021": {
      "xyz": [
        -14.946240385218735,
        -2.19266916031016,
        -6.422208120819704
      ],
      "observations": {
        "DSC_0318": [
          3453.947998046875,
          2136.972900390625
        ],
        "DSC_0319": [
          3564.8916015625,
          2111.94677734375
        ],
        "DSC_0320": [
          3629.674560546875,
          2442.696533203125
        ],
        "DSC_0322": [
          3726.755615234375,
          2093.889404296875
        ],
        "DSC_0323": [
          3502.86279296875,
          2315.884521484375
        ],
        "DSC_0324": [
          3366.97509765625,
          2165.98583984375
        ],
        "DSC_0328": [
          3479.949951171875,
          2070.970458984375
        ],
        "DSC_0329": [
          4218.66552734375,
          2280.37109375
        ],
        "DSC_0350": [
          3520.888427734375,
          2212.93408203125
        ],
        "DSC_0356": [
          3358.9892578125,
          2069.988037109375
        ],
        "DSC_0357": [
          3426.96044921875,
          2131.979248046875
        ],
        "DSC_0360": [
          3249.99853515625,
          2006.97607421875
        ],
        "DSC_0361": [
          3445.950927734375,
          2138.974365234375
        ],
        "DSC_0362": [
          3422.94970703125,
          2189.9697265625
        ],
        "DSC_0366": [
          3666.769287109375,
          2201.878662109375
        ],
        "DSC_0369": [
          3335.97607421875,
          2216.97998046875
        ],
        "DSC_0371": [
          2629.88134765625,
          2298.837158203125
        ]
      },
      "error": 0.8969839701545701,
      "n_views": 17
    },
    "1022": {
      "xyz": [
        -13.88936067405219,
        -6.351861183449642,
        2.610283202287755
      ],
      "observations": {
        "DSC_0318": [
          3456.96875,
          2015.96826171875
        ],
        "DSC_0309": [
          3295.993896484375,
          1878.9161376953125
        ],
        "DSC_0310": [
          2350.33447265625,
          1770.3990478515625
        ],
        "DSC_0311": [
          4319.73193359375,
          1895.595947265625
        ],
        "DSC_0312": [
          3356.99267578125,
          1829.88818359375
        ],
        "DSC_0319": [
          3563.92333984375,
          1990.9449462890625
        ],
        "DSC_0358": [
          3278.99853515625,
          2093.995849609375
        ],
        "DSC_0362": [
          3420.9736328125,
          2065.98046875
        ],
        "DSC_0363": [
          3574.846923828125,
          2216.912109375
        ],
        "DSC_0369": [
          3337.990966796875,
          2094.992431640625
        ],
        "DSC_0379": [
          3156.982421875,
          1975.9552001953125
        ],
        "DSC_0380": [
          4558.7978515625,
          2035.2757568359375
        ]
      },
      "error": 0.5141021242083704,
      "n_views": 12
    },
    "1023": {
      "xyz": [
        -23.93527069323649,
        -6.104763581137495,
        3.9028847655057852
      ],
      "observations": {
        "DSC_0318": [
          3602.892822265625,
          2015.9388427734375
        ],
        "DSC_0302": [
          3571.942138671875,
          1840.8916015625
        ],
        "DSC_0306": [
          3356.959716796875,
          1595.6722412109375
        ],
        "DSC_0307": [
          3425.8525390625,
          2476.76611328125
        ],
        "DSC_0308": [
          4403.37158203125,
          2019.4515380859375
        ],
        "DSC_0309": [
          3441.984619140625,
          1874.9176025390625
        ],
        "DSC_0310": [
          2497.46728515625,
          1768.5047607421875
        ],
        "DSC_0311": [
          4467.271484375,
          1892.4822998046875
        ],
        "DSC_0312": [
          3503.969970703125,
          1827.8890380859375
        ],
        "DSC_0319": [
          3707.815673828125,
          1986.9058837890625
        ],
        "DSC_0332": [
          2951.961181640625,
          2180.97119140625
        ],
        "DSC_0350": [
          3659.824951171875,
          2086.91796875
        ],
        "DSC_0357": [
          3583.910400390625,
          1994.941162109375
        ],
        "DSC_0358": [
          3436.962890625,
          2097.97900390625
        ],
        "DSC_0362": [
          3575.8984375,
          2062.947509765625
        ],
        "DSC_0363": [
          3725.704833984375,
          2200.84912109375
        ],
        "DSC_0366": [
          3812.667724609375,
          2062.85693359375
        ],
        "DSC_0367": [
          3127.999755859375,
          2236.98876953125
        ],
        "DSC_0369": [
          3484.94482421875,
          2084.9697265625
        ],
        "DSC_0371": [
          2774.884765625,
          2163.913818359375
        ],
        "DSC_0373": [
          3708.822509765625,
          1961.9033203125
        ],
        "DSC_0379": [
          3300.998779296875,
          1980.9678955078125
        ],
        "DSC_0380": [
          4695.22607421875,
          2038.1116943359375
        ]
      },
      "error": 0.35049366246465713,
      "n_views": 23
    },
    "1030": {
      "xyz": [
        -40.04798841195718,
        -16.86269574138053,
        -11.814977670979246
      ],
      "observations": {
        "DSC_0318": [
          3779.72802734375,
          2018.8787841796875
        ],
        "DSC_0309": [
          3651.866455078125,
          1978.921875
        ],
        "DSC_0310": [
          2707.707275390625,
          1871.7342529296875
        ],
        "DSC_0311": [
          4674.3701171875,
          1994.189208984375
        ],
        "DSC_0312": [
          3709.830322265625,
          1931.8983154296875
        ],
        "DSC_0319": [
          3885.603759765625,
          1986.834716796875
        ],
        "DSC_0358": [
          3667.816162109375,
          2090.914306640625
        ],
        "DSC_0379": [
          3573.8916015625,
          2090.946533203125
        ],
        "DSC_0380": [
          4953.78466796875,
          2145.56689453125
        ]
      },
      "error": 0.48880653050574296,
      "n_views": 9
    },
    "1031": {
      "xyz": [
        -29.988590133535553,
        -16.111995626681395,
        -11.942633366628726
      ],
      "observations": {
        "DSC_0318": [
          3640.86279296875,
          2021.928466796875
        ],
        "DSC_0309": [
          3508.953857421875,
          1976.9520263671875
        ],
        "DSC_0310": [
          2563.591552734375,
          1870.650634765625
        ],
        "DSC_0311": [
          4529.95361328125,
          1992.34912109375
        ],
        "DSC_0312": [
          3565.933837890625,
          1928.92919921875
        ],
        "DSC_0319": [
          3746.7744140625,
          1993.892578125
        ],
        "DSC_0358": [
          3510.93017578125,
          2090.963623046875
        ],
        "DSC_0379": [
          3426.969482421875,
          2079.98046875
        ],
        "DSC_0380": [
          4815.52197265625,
          2138.796630859375
        ]
      },
      "error": 0.44278484859236156,
      "n_views": 9
    },
    "1032": {
      "xyz": [
        -31.98195330268625,
        -27.81049287633225,
        -14.45079778832664
      ],
      "observations": {
        "DSC_0318": [
          3652.884033203125,
          1901.904541015625
        ],
        "DSC_0319": [
          3754.80322265625,
          1875.8729248046875
        ],
        "DSC_0323": [
          3741.734130859375,
          2104.8798828125
        ],
        "DSC_0324": [
          3604.906494140625,
          1951.9283447265625
        ],
        "DSC_0360": [
          3523.964599609375,
          1788.8638916015625
        ],
        "DSC_0361": [
          3691.85205078125,
          1908.8978271484375
        ],
        "DSC_0362": [
          3636.88916015625,
          1931.91650390625
        ]
      },
      "error": 1.1106595461939786,
      "n_views": 7
    },
    "1033": {
      "xyz": [
        -42.821132652957246,
        -30.427044517114492,
