{
  "cameras": {
    "DSC_0276": {
      "R": [
        [
          1.0,
          -7.379104425118252e-15,
          -1.5043421655036085e-16
        ],
        [
          7.379104425118252e-15,
          1.0,
          8.694010015928466e-16
        ],
        [
          1.5043421655036085e-16,
          -8.694010015928466e-16,
          1.0
        ]
      ],
      "t": [
        -1.5941727450900755e-13,
        9.31168557746462e-13,
        -8.329546375470198e-12
      ],
      "K": [
        [
          24568.148632996475,
          0.0,
          3208.5188969119163
        ],
        [
          0.0,
          24612.198848859585,
          2146.273870075626
        ],
        [
          0.0,
          0.0,
          1.0
        ]
      ]
    },
    "DSC_0281": {
      "R": [
        [
          0.9618834857324065,
          0.15859796764688236,
          -0.2227708341178301
        ],
        [
          -0.15386733937467825,
          0.9873392688294035,
          0.03854880155304961
        ],
        [
          0.22606415405595137,
          -0.0028023000726658184,
          0.9741083848141693
        ]
      ],
      "t": [
        227.37323638998942,
        -54.2628380243903,
        75.89605648222908
      ],
      "K": [
        [
          24568.148632996475,
          0.0,
          3208.5188969119163
        ],
        [
          0.0,
          24612.198848859585,
          2146.273870075626
        ],
        [
          0.0,
          0.0,
          1.0
        ]
      ]
    },
    "DSC_0282": {
      "R": [
        [
          0.9552348330723023,
          -0.043603544459475486,
          0.2926177448411174
        ],
        [
          -0.1573369696280164,
          0.7627390111068336,
          0.627275281614095
        ],
        [
          -0.2505423949626158,
          -0.645234788155707,
          0.7217344224020747
        ]
      ],
      "t": [
        -308.9249214559261,
        -663.8599584935612,
        333.52854281260596
      ],
      "K": [
        [
          24568.148632996475,
          0.0,
          3208.5188969119163
        ],
        [
          0.0,
          24612.198848859585,
          2146.273870075626
        ],
        [
          0.0,
          0.0,
          1.0
        ]
      ]
    },
    "DSC_0283": {
      "R": [
        [
          0.9668515777443395,
          0.16506243971754422,
          -0.19481380240571627
        ],
        [
          -0.15891654086339482,
          0.9861785143914704,
          0.04687718840379944
        ],
        [
          0.19985884932445286,
          -0.014364147977670823,
          0.9797194045233468
        ]
      ],
      "t": [
        247.64053452129426,
        -49.161818936101426,
        50.63317823616069
      ],
      "K": [
        [
          24568.148632996475,
          0.0,
          3208.5188969119163
        ],
        [
          0.0,
          24612.198848859585,
          2146.273870075626
        ],
        [
          0.0,
          0.0,
          1.0
        ]
      ]
    },
    "DSC_0284": {
      "R": [
        [
          0.9500246332002902,
          -0.04333278865305236,
          0.30915281939552763
        ],
        [
          -0.1754172169129642,
          0.745082314505133,
          0.6434913710549536
        ],
        [
          -0.25822857379299435,
          -0.6655633809331939,
          0.7002452353551663
        ]
      ],
      "t": [
        -349.43517962505507,
        -718.682045015467,
        349.9956884710746
      ],
      "K": [
        [
          24568.148632996475,
          0.0,
          3208.5188969119163
        ],
        [
          0.0,
          24612.198848859585,
          2146.273870075626
        ],
        [
          0.0,
          0.0,
          1.0
        ]
      ]
    },
    "DSC_0285": {
      "R": [
        [
          0.9642244971819605,
          0.17186049456334285,
          -0.2018293572368468
        ],
        [
          -0.17019385891992866,
          0.9850749727808237,
          0.0257166947099138
        ],
        [
          0.2032367324578383,
          0.009553450125619185,
          0.9790830210817458
        ]
      ],
      "t": [
        251.01939853512863,
        -49.19979448531085,
        38.90160360640869
      ],
      "K": [
        [
          24568.148632996475,
          0.0,
          3208.5188969119163
        ],
        [
          0.0,
          24612.198848859585,
          2146.273870075626
        ],
        [
          0.0,
          0.0,
          1.0
        ]
      ]
    },
    "DSC_0286": {
      "R": [
        [
          0.9783435270600108,
          0.08251819373384121,
          -0.18982805578386475
        ],
        [
          0.06126383479057827,
          0.7605671963994107,
          0.6463623459855106
        ],
        [
          0.1977136454737774,
          -0.6439940119784069,
          0.7390406125034165
        ]
      ],
      "t": [
        227.66620870159622,
        -714.93082435439,
        350.7282301433203
      ],
      "K": [
        [
          24568.148632996475,
          0.0,
          3208.5188969119163
        ],
        [
          0.0,
          24612.198848859585,
          2146.273870075626
        ],
        [
          0.0,
          0.0,
          1.0
        ]
      ]
    },
    "DSC_0287": {
      "R": [
        [
          0.9726483277444523,
          -0.06825120418509968,
          0.22202928559810392
        ],
        [
          0.05707759042532483,
          0.9967773368686648,
          0.0563656755149018
        ],
        [
          -0.22516078523392885,
          -0.04215108340595961,
          0.9734094241173877
        ]
      ],
      "t": [
        -199.1100058015145,
        -54.019028107744774,
        96.80294695989443
      ],
      "K": [
        [
          24568.148632996475,
          0.0,
          3208.5188969119163
        ],
        [
          0.0,
          24612.198848859585,
          2146.273870075626
        ],
        [
          0.0,
          0.0,
          1.0
        ]
      ]
    },
    "DSC_0288": {
      "R": [
        [
          0.9890633760582992,
          0.05388867110706016,
          -0.1372940248753548
        ],
        [
          0.0460219154658777,
          0.7716265907984163,
          0.6344086913572867
        ],
        [
          0.14012716166757627,
          -0.6337889360813492,
          0.7607075410851798
        ]
      ],
      "t": [
        106.9689211986402,
        -677.098188355113,
        341.8691502054378
      ],
      "K": [
        [
          24568.148632996475,
          0.0,
          3208.5188969119163
        ],
        [
          0.0,
          24612.198848859585,
          2146.273870075626
        ],
        [
          0.0,
          0.0,
          1.0
        ]
      ]
    },
    "DSC_0289": {
      "R": [
        [
          0.9819300610773704,
          -0.06349490138862014,
          0.17827437463146886
        ],
        [
          0.061924612951015874,
          0.9979774548618048,
          0.01436460575237849
        ],
        [
          -0.17882588588752688,
          -0.003065466555647262,
          0.9838759603991437
        ]
      ],
      "t": [
        -198.2047436754067,
        -65.7577969110713,
        93.21501216835316
      ],
      "K": [
        [
          24568.148632996475,
          0.0,
          3208.5188969119163
        ],
        [
          0.0,
          24612.198848859585,
          2146.273870075626
        ],
        [
          0.0,
          0.0,
          1.0
        ]
      ]
    },
    "DSC_0290": {
      "R": [
        [
          0.9992216507651451,
          0.03744622010119494,
          0.012404565381796524
        ],
        [
          -0.03651442600330262,
          0.7590234643435277,
          0.6500385198352471
        ],
        [
          0.014926129298238631,
          -0.6499855084354439,
          0.7598000062438075
        ]
      ],
      "t": [
        -5.665653933576143,
        -697.7107608269952,
        310.76588493633875
      ],
      "K": [
        [
          24568.148632996475,
          0.0,
          3208.5188969119163
        ],
        [
          0.0,
          24612.198848859585,
          2146.273870075626
        ],
        [
          0.0,
          0.0,
          1.0
        ]
      ]
    },
    "DSC_0291": {
      "R": [
        [
          0.9992965755743204,
          0.029210695103755242,
          0.02351785145356738
        ],
        [
          -0.03749425309399402,
          0.7659952140510575,
          0.6417519092576182
        ],
        [
          0.0007314576953807682,
          -0.6421822695640468,
          0.7665516275028119
        ]
      ],
      "t": [
        -25.15893286394594,
        -683.7883137429368,
        323.1985110625587
      ],
      "K": [
        [
          24568.148632996475,
          0.0,
          3208.5188969119163
        ],
        [
          0.0,
          24612.198848859585,
          2146.273870075626
        ],
        [
          0.0,
          0.0,
          1.0
        ]
      ]
    },
    "DSC_0292": {
      "R": [
        [
          0.9997736058982432,
          0.005430217023527958,
          0.02057303313324712
        ],
        [
          -0.013502012102246285,
          0.9091866826931635,
          0.41616976305660625
        ],
        [
          -0.016444835615325913,
          -0.41635332201926567,
          0.9090541670467754
        ]
      ],
      "t": [
        -10.634497072191607,
        -464.35930424472497,
        189.35883897415422
      ],
      "K": [
        [
          24568.148632996475,
          0.0,
          3208.5188969119163
        ],
        [
          0.0,
          24612.198848859585,
          2146.273870075626
        ],
        [
          0.0,
          0.0,
          1.0
        ]
      ]
    },
    "DSC_0293": {
      "R": [
        [
          0.9978999488514373,
          -0.004925613865180615,
          0.0645866116958463
        ],
        [
          -0.020371549160136226,
          0.9226432103229223,
          0.38511622457360567
        ],
        [
          -0.061487332574401386,
          -0.38562319013910834,
          0.9206052700043716
        ]
      ],
      "t": [
        -32.98373692661718,
        -440.94417254883246,
        169.552054622176
      ],
      "K": [
        [
          24568.148632996475,
          0.0,
          3208.5188969119163
        ],
        [
          0.0,
          24612.198848859585,
          2146.273870075626
        ],
        [
          0.0,
          0.0,
          1.0
        ]
      ]
    },
    "DSC_0294": {
      "R": [
        [
          0.9974907631828379,
          -9.37283776995014e-05,
          0.07079667068380305
        ],
        [
          -0.020834715650014102,
          0.9553269357062718,
          0.2948158078154018
        ],
        [
          -0.06766159906995031,
          -0.29555107363881467,
          0.9529278413826733
        ]
      ],
      "t": [
        -120.88056341683593,
        -325.65904411644124,
        127.00205723040418
      ],
      "K": [
        [
          24568.148632996475,
          0.0,
          3208.5188969119163
        ],
        [
          0.0,
          24612.198848859585,
          2146.273870075626
        ],
        [
          0.0,
          0.0,
          1.0
        ]
      ]
    },
    "DSC_0295": {
      "R": [
        [
          0.999244621646689,
          0.003090182555989595,
          0.03873805469994647
        ],
        [
          -0.01940686307148204,
          0.9033144758564997,
          0.4285397663855968
        ],
        [
          -0.03366837946634993,
          -0.4289678408457536,
          0.9026921024049352
        ]
      ],
      "t": [
        -21.890630772288635,
        -460.8792105591094,
        183.39473133481565
      ],
      "K": [
        [
          24568.148632996475,
          0.0,
          3208.5188969119163
        ],
        [
          0.0,
          24612.198848859585,
          2146.273870075626
        ],
        [
          0.0,
          0.0,
          1.0
        ]
      ]
    },
    "DSC_0296": {
      "R": [
        [
          0.9999044165372037,
          0.0120627210682872,
          0.0067563710542544765
        ],
        [
          -0.013614616418056311,
          0.9441683352849373,
          0.32918201175802314
        ],
        [
          -0.002408320822328114,
          -0.3292425328017308,
          0.944242317726291
        ]
      ],
      "t": [
        -3.2548461366853605,
        -386.76299844153414,
        135.01730408113323
      ],
      "K": [
        [
          24568.148632996475,
          0.0,
          3208.5188969119163
        ],
        [
          0.0,
          24612.198848859585,
          2146.273870075626
        ],
        [
          0.0,
          0.0,
          1.0
        ]
      ]
    },
    "DSC_0297": {
      "R": [
        [
          0.998778167061534,
          0.038257408956965624,
          -0.03128168251712186
        ],
        [
          -0.026908590805368202,
          0.9519473924275385,
          0.3050771866123054
        ],
        [
          0.04144997879458775,
          -0.30386268726237126,
          0.9518137247106803
        ]
      ],
      "t": [
        77.58362184282285,
        -340.49590353972644,
        127.53847882241593
      ],
      "K": [
        [
          24568.148632996475,
          0.0,
          3208.5188969119163
        ],
        [
          0.0,
          24612.198848859585,
          2146.273870075626
        ],
        [
          0.0,
          0.0,
          1.0
        ]
      ]
    },
    "DSC_0298": {
      "R": [
        [
          0.9998546843366223,
          0.015445076101202286,
          0.00721525012328029
        ],
        [
          -0.017046036916534307,
          0.9109535462861992,
          0.4121566075341238
        ],
        [
          -0.00020696751816621194,
          -0.41221970614324793,
          0.9110844478047141
        ]
      ],
      "t": [
        -13.716059288927417,
        -460.4773109718112,
        168.78112078755342
      ],
      "K": [
        [
          24568.148632996475,
          0.0,
          3208.5188969119163
        ],
        [
          0.0,
          24612.198848859585,
          2146.273870075626
        ],
        [
          0.0,
          0.0,
          1.0
        ]
      ]
    }
  },
  "points_3d": {
    "4": {
      "xyz": [
        -35.69605967688506,
        -15.441487468569271,
        1060.7119501808158
      ],
      "observations": {
        "DSC_0276": [
          2381.3779296875,
          1790.44482421875
        ],
        "DSC_0281": [
          2188.064697265625,
          1630.08984375
        ],
        "DSC_0283": [
          3297.997770874723,
          1940.9505704886303
        ],
        "DSC_0284": [
          1960.4301450574399,
          1204.162381499535
        ],
        "DSC_0285": [
          3206.861756769504,
          1431.4125838065165
        ],
        "DSC_0286": [
          2994.609428058805,
          1208.9441641510957
        ],
        "DSC_0287": [
          3267.992717025457,
          1894.9236088167709
        ],
        "DSC_0288": [
          1607.76690748316,
          1766.6062597284977
        ],
        "DSC_0289": [
          2280.3661400254646,
          679.2842365590284
        ],
        "DSC_0290": [
          2571.5153903046157,
          1738.5193724140727
        ],
        "DSC_0291": [
          2418.456226189691,
          1851.5339259350833
        ],
        "DSC_0292": [
          2687.403526247744,
          1372.0529864847736
        ],
        "DSC_0293": [
          3206.740528371163,
          1165.983762545166
        ],
        "DSC_0294": [
          1459.4001982445686,
          1567.1752628297952
        ],
        "DSC_0295": [
          2854.7505132471606,
          1725.658125563632
        ],
        "DSC_0296": [
          2520.976762135838,
          1033.2854201638665
        ],
        "DSC_0297": [
          3381.9371744218524,
          1488.549078084119
        ],
        "DSC_0298": [
          2302.9565159201006,
          1353.7472849578808
        ]
      },
      "error": 5.453504660649796,
      "n_views": 18
    },
    "5": {
      "xyz": [
        -28.697748743209203,
        -15.344782460678898,
        1060.8315002416887
      ],
      "observations": {
        "DSC_0276": [
          2543.5234375,
          1790.5594482421875
        ],
        "DSC_0281": [
          2340.19775390625,
          1608.186279296875
        ],
        "DSC_0282": [
          2635.7336677950516,
          2018.7992559694053
        ],
        "DSC_0283": [
          3449.980641678056,
          1918.938604611108
        ],
        "DSC_0284": [
          2114.5876367631517,
          1179.2568241863091
        ],
        "DSC_0285": [
          3358.9084925539423,
          1408.4345287614713
        ],
        "DSC_0286": [
          3142.7289666836828,
          1220.0443217012116
        ],
        "DSC_0287": [
          3414.988924987283,
          1904.9337614274314
        ],
        "DSC_0288": [
          1754.8669316789203,
          1776.8070079077147
        ],
        "DSC_0289": [
          2428.5818355125625,
          690.4420656004838
        ],
        "DSC_0290": [
          2727.6528095776366,
          1736.6081446923351
        ],
        "DSC_0291": [
          2572.585940517476,
          1849.6370473204913
        ],
        "DSC_0292": [
          2836.556170539374,
          1373.1436103154317
        ],
        "DSC_0293": [
          3356.807525176724,
          1165.0587264940932
        ],
        "DSC_0295": [
          3004.855459408057,
          1727.7210045519444
        ],
        "DSC_0296": [
          2672.1622574504136,
          1034.3978656398963
        ],
        "DSC_0297": [
          3531.935118187467,
          1486.5825169044745
        ],
        "DSC_0298": [
          2455.1320207800736,
          1353.8638198791728
        ]
      },
      "error": 5.408623236497929,
      "n_views": 18
    },
    "6": {
      "xyz": [
        -28.83107534580904,
        -8.8172561545312,
        1063.356104040231
      ],
      "observations": {
        "DSC_0276": [
          2543.61865234375,
          1938.693359375
        ],
        "DSC_0281": [
          2350.32275390625,
          1755.3822021484375
        ],
        "DSC_0282": [
          2645.8197389720776,
          2166.854135736693
        ],
        "DSC_0283": [
          3458.959255796591,
          2069.974504224821
        ],
        "DSC_0284": [
          2126.7333524635787,
          1327.5511331898128
        ],
        "DSC_0285": [
          3370.9530976834826,
          1557.631410357577
        ],
        "DSC_0286": [
          3141.79784678115,
          1364.2832887938275
        ],
        "DSC_0287": [
          3414.9778277646355,
          2048.9793020972857
        ],
        "DSC_0288": [
          1755.045768570083,
          1918.922857268282
        ],
        "DSC_0289": [
          2427.7005558682404,
          833.7754344101734
        ],
        "DSC_0290": [
          2729.7296605163588,
          1882.7549929098145
        ],
        "DSC_0291": [
          2574.676108123376,
          1993.7495199278303
        ],
        "DSC_0292": [
          2833.6341688523307,
          1522.3796425105866
        ],
        "DSC_0293": [
          3356.8739941082526,
          1315.2979125632482
        ],
        "DSC_0294": [
          1612.701121647112,
          1715.5619470757865
        ],
        "DSC_0295": [
          3003.903432109247,
          1876.859664531197
        ],
        "DSC_0296": [
          2671.265235766542,
          1185.7002609516164
        ],
        "DSC_0297": [
          3535.956111010569,
          1636.742255680711
        ],
        "DSC_0298": [
          2455.240521872435,
          1504.1168966175453
        ]
      },
      "error": 4.198509528380946,
      "n_views": 19
    },
    "7": {
      "xyz": [
        -35.829386279487174,
        -8.913961162421387,
        1063.236553979359
      ],
      "observations": {
        "DSC_0276": [
          2382.493408203125,
          1940.581298828125
        ],
        "DSC_0281": [
          2199.204345703125,
          1776.278564453125
        ],
        "DSC_0282": [
          2492.748036139604,
          2189.7646900946993
        ],
        "DSC_0283": [
          3308.9956676594416,
          2091.9943036604373
        ],
        "DSC_0284": [
          1971.5861257829265,
          1351.448952249759
        ],
        "DSC_0285": [
          3216.9176682766224,
          1581.6194041579563
        ],
        "DSC_0286": [
          2992.684689153405,
          1352.1922635061815
        ],
        "DSC_0287": [
          3265.999684439031,
          2036.9856375645936
        ],
        "DSC_0288": [
          1606.961317761556,
          1907.715906602844
        ],
        "DSC_0289": [
          2279.4905348372595,
          821.6227950650073
        ],
        "DSC_0290": [
          2574.608701076118,
          1883.6688889192376
        ],
        "DSC_0291": [
          2422.5646239416874,
          1994.6476456725309
        ],
        "DSC_0292": [
          2685.491875200807,
          1520.2936124069113
        ],
        "DSC_0293": [
          3206.8133540735444,
          1315.234281378845
        ],
        "DSC_0294": [
          1460.618009746007,
          1717.3500842138621
        ],
        "DSC_0295": [
          2852.8136474798985,
          1875.8053031406419
        ],
        "DSC_0296": [
          2520.0864674281693,
          1184.5927666052087
        ],
        "DSC_0297": [
          3383.970883477478,
          1638.7244037499067
        ],
        "DSC_0298": [
          2304.078502331955,
          1505.0033321950823
        ]
      },
      "error": 5.312308595778388,
      "n_views": 19
    },
    "8": {
      "xyz": [
        24.289462611760104,
        -14.612587400939974,
        1061.7366649882865
      ],
      "observations": {
        "DSC_0276": [
          3769.80419921875,
          1808.846435546875
        ],
        "DSC_0281": [
          3469.933349609375,
          1452.5264892578125
        ],
        "DSC_0282": [
          3780.781023545956,
          1859.8615884281703
        ],
        "DSC_0283": [
          4594.923889463916,
          1749.4544006225312
        ],
        "DSC_0284": [
          3264.6835824341115,
          1008.7340519937957
        ],
        "DSC_0285": [
          4515.392726048547,
          1228.4462052948384
        ],
        "DSC_0286": [
          4273.051074490372,
          1306.492970343344
        ],
        "DSC_0287": [
          4545.9018969775625,
          1984.340024151354
        ],
        "DSC_0288": [
          2872.8164027426924,
          1849.791265839463
        ],
        "DSC_0289": [
          3552.5965450963586,
          764.4778655295299
        ],
        "DSC_0290": [
          3897.6786177752047,
          1717.7795488647914
        ],
        "DSC_0291": [
          3720.8447638599914,
          1829.8648716276882
        ],
        "DSC_0292": [
          3958.618203673744,
          1379.5324929673097
        ],
        "DSC_0293": [
          4486.4795416641045,
          1162.407213206258
        ],
        "DSC_0294": [
          2747.577426664468,
          1564.394974327991
        ],
        "DSC_0295": [
          4140.26825221803,
          1725.711166831899
        ],
        "DSC_0296": [
          3810.6669195369886,
          1039.0802589486714
        ],
        "DSC_0297": [
          4670.794021925652,
          1475.473419814763
        ],
        "DSC_0298": [
          3594.890280051017,
          1357.4377102780986
        ]
      },
      "error": 3.9828641503870794,
      "n_views": 19
    },
    "9": {
      "xyz": [
        31.287773545438004,
        -14.5158823930479,
        1061.856215049161
      ],
      "observations": {
        "DSC_0276": [
          3930.609130859375,
          1809.8037109375
        ],
        "DSC_0281": [
          3617.90087890625,
          1430.5340576171875
        ],
        "DSC_0282": [
          3930.599569839058,
          1837.809784294707
        ],
        "DSC_0283": [
          4745.327453877955,
          1728.3463138857055
        ],
        "DSC_0284": [
          3414.7262068214272,
          984.7807619445641
        ],
        "DSC_0285": [
          4666.880203104367,
          1204.426166683293
        ],
        "DSC_0286": [
          4425.656968542102,
          1319.4972956711067
        ],
        "DSC_0287": [
          4697.266824085958,
          1997.158934259146
        ],
        "DSC_0288": [
          3022.908661460376,
          1861.8534324595428
        ],
        "DSC_0289": [
          3702.5735185433,
          776.6055658514142
        ],
        "DSC_0290": [
          4053.4399212835215,
          1715.7385832094362
        ],
        "DSC_0291": [
          3874.680321704565,
          1827.8259230992162
        ],
        "DSC_0292": [
          4108.388883183797,
          1381.5440727514815
        ],
        "DSC_0293": [
          4637.986604745876,
          1162.4102388965825
        ],
        "DSC_0294": [
          2898.7106163069357,
          1563.471588653459
        ],
        "DSC_0295": [
          4290.912797970059,
          1726.646105142216
        ],
        "DSC_0296": [
          3962.5238769047965,
          1042.1525265668045
        ],
        "DSC_0297": [
          4823.161588820479,
          1474.3980161233137
        ],
        "DSC_0298": [
          3746.820135875227,
          1357.475210500607
        ]
      },
      "error": 4.597133787046685,
      "n_views": 19
    },
    "10": {
      "xyz": [
        31.154446942836266,
        -7.988356086899914,
        1064.3808188477024
      ],
      "observations": {
        "DSC_0276": [
          3928.55224609375,
          1958.8170166015625
        ],
        "DSC_0281": [
          3624.91943359375,
          1576.6927490234375
        ],
        "DSC_0282": [
          3936.5263104442656,
          1985.809650078019
        ],
        "DSC_0283": [
          4753.1549084735525,
          1874.2257094160032
        ],
        "DSC_0284": [
          3423.8081051936356,
          1132.0371674791272
        ],
        "DSC_0285": [
          4673.825737391242,
          1354.4651070655077
        ],
        "DSC_0286": [
          4419.651014359974,
          1465.5573157450272
        ],
        "DSC_0287": [
          4693.099485209136,
          2141.968634366507
        ],
        "DSC_0288": [
          3019.9446733742434,
          2004.943634331285
        ],
        "DSC_0289": [
          3698.667708027019,
          920.8410488157779
        ],
        "DSC_0290": [
          4054.3808742405545,
          1862.7608644941813
        ],
        "DSC_0291": [
          3875.6245237453427,
          1972.8405671659698
        ],
        "DSC_0292": [
          4106.384793416249,
          1529.6446917304152
        ],
        "DSC_0293": [
          4638.965722996469,
          1311.4647296722583
        ],
        "DSC_0294": [
          2900.7801911285405,
          1714.6657926141763
        ],
        "DSC_0295": [
          4289.828336187364,
          1877.6233075097252
        ],
        "DSC_0296": [
          3961.5782104882464,
          1192.3362416466744
        ],
        "DSC_0297": [
          4824.058335933893,
          1625.3412253184636
        ],
        "DSC_0298": [
          3747.841812546695,
          1508.637140431195
        ]
      },
      "error": 3.8498854335163664,
      "n_views": 19
    },
    "11": {
      "xyz": [
        24.156136009159322,
        -8.085061094790607,
        1064.2612687868295
      ],
      "observations": {
        "DSC_0276": [
          3766.76513671875,
          1959.8841552734375
        ],
        "DSC_0281": [
          3476.962158203125,
          1596.6954345703125
        ],
        "DSC_0282": [
          3787.7236748430296,
          2006.8763284090003
        ],
        "DSC_0283": [
          4603.763044671034,
          1898.3554751456095
        ],
        "DSC_0284": [
          3272.7694650321696,
          1154.9993147280716
        ],
        "DSC_0285": [
          4523.350418564372,
          1377.5071600452986
        ],
        "DSC_0286": [
          4269.052321874308,
          1452.5810926622496
        ],
        "DSC_0287": [
          4541.753228891835,
          2130.184018245282
        ],
        "DSC_0288": [
          2869.8692778588097,
          1992.8926192138033
        ],
        "DSC_0289": [
          3548.6947387325795,
          910.7331343169762
        ],
        "DSC_0290": [
          3898.6362280066455,
          1863.8257470351834
        ],
        "DSC_0291": [
          3722.805608780521,
          1973.900040139422
        ],
        "DSC_0292": [
          3957.6235264305733,
          1528.657629027687
        ],
        "DSC_0293": [
          4486.47707052999,
          1312.4885132530176
        ],
        "DSC_0294": [
          2750.661310516938,
          1715.5957797948713
        ],
        "DSC_0295": [
          4139.200173139285,
          1876.7162422254291
        ],
        "DSC_0296": [
          3809.7288038080133,
          1190.2861072327596
        ],
        "DSC_0297": [
          4671.7097144006175,
          1626.44739019488
        ],
        "DSC_0298": [
          3595.9226649703182,
          1508.6191238206254
        ]
      },
      "error": 2.9223909652959654,
      "n_views": 19
    },
    "12": {
      "xyz": [
        -36.45792597745918,
        21.858662852274133,
        1075.1382576010396
      ],
      "observations": {
        "DSC_0276": [
          2375.04541015625,
          2647.374267578125
        ],
        "DSC_0281": [
          2243.864501953125,
          2464.467041015625
        ],
        "DSC_0282": [
          2534.195041565812,
          2886.0189378563823
        ],
        "DSC_0283": [
          3354.7606367391504,
          2788.2576456845163
        ],
        "DSC_0284": [
          2025.3510483480068,
          2053.315506004749
        ],
        "DSC_0285": [
          3266.9835504704474,
          2287.9644265704087
        ],
        "DSC_0286": [
          2987.9369312108047,
          2025.9451686327006
        ],
        "DSC_0287": [
          3264.876119247048,
          2708.470879480373
        ],
        "DSC_0288": [
          1609.986168965715,
          2573.517068337217
        ],
        "DSC_0289": [
          2280.0421468858967,
          1491.9632028651447
        ],
        "DSC_0290": [
          2596.0143512094155,
          2568.6267734281046
        ],
        "DSC_0291": [
          2442.064205960679,
          2668.393685691078
        ],
        "DSC_0292": [
          2682.865425730134,
          2219.875512095455
        ],
        "DSC_0293": [
          3208.9956275548784,
          2017.977632053936
        ],
        "DSC_0294": [
          1462.7576457959563,
          2425.4318757945603
        ],
        "DSC_0295": [
          2852.033295359491,
          2582.7053105087034
        ],
        "DSC_0296": [
          2516.5677554948834,
          1893.6401889155018
        ],
        "DSC_0297": [
          3387.924549336372,
          2346.903384171336
        ],
        "DSC_0298": [
          2301.661916214115,
          2214.619131578956
        ]
      },
      "error": 4.125472084521891,
      "n_views": 19
    },
    "13": {
      "xyz": [
        -29.45961504376566,
        21.955367860164763,
        1075.257807661912
      ],
      "observations": {
        "DSC_0276": [
          2534.054931640625,
          2649.4833984375
        ],
        "DSC_0281": [
          2393.885498046875,
          2440.614990234375
        ],
        "DSC_0282": [
          2685.140928394685,
          2863.1462318471863
        ],
        "DSC_0283": [
          3507.600121607395,
          2764.2145018014016
        ],
        "DSC_0284": [
          2175.4178978579585,
          2028.4577064626696
        ],
        "DSC_0285": [
          3418.933244010195,
          2261.944716099871
        ],
        "DSC_0286": [
          3135.9857851035913,
          2038.9777795806194
        ],
        "DSC_0287": [
          3412.7393005883296,
          2721.3732023691605
        ],
        "DSC_0288": [
          1756.9787445892005,
          2584.736419748607
        ],
        "DSC_0289": [
          2427.2103560785436,
          1504.0964502859574
        ],
        "DSC_0290": [
          2751.02767903041,
          2565.698317787978
        ],
        "DSC_0291": [
          2594.0659534829483,
          2666.491443352729
        ],
        "DSC_0292": [
          2831.9304820458974,
          2220.9364864531212
        ],
        "DSC_0293": [
          3357.993292017713,
          2018.9787458791566
        ],
        "DSC_0294": [
          1614.7420953794187,
          2424.6889083665837
        ],
        "DSC_0295": [
          3004.0160746393385,
          2582.7231895878945
        ],
        "DSC_0296": [
          2668.6901767331196,
          1895.7338290887817
        ],
        "DSC_0297": [
          3539.8205986730322,
          2344.846396110398
        ],
        "DSC_0298": [
          2453.7451196387055,
          2216.7386734951665
        ]
      },
      "error": 3.9114476398798517,
      "n_views": 19
    },
    "14": {
      "xyz": [
        -29.592941646382354,
        28.48289416631033,
        1077.7824114604464
      ],
      "observations": {
        "DSC_0276": [
          2534.142578125,
          2796.222412109375
        ],
        "DSC_0281": [
          2403.998779296875,
          2584.482421875
        ],
        "DSC_0282": [
          2695.1873699023795,
          3008.75634093859
        ],
        "DSC_0283": [
          3515.4717362848683,
          2909.8212642959306
        ],
        "DSC_0284": [
          2188.5644228751016,
          2173.513810509535
        ],
        "DSC_0285": [
          3431.8762665567647,
          2408.8363311141943
        ],
        "DSC_0286": [
          3132.997657698091,
          2179.997002438909
        ],
        "DSC_0287": [
          3410.6534345862606,
          2861.0403513812294
        ],
        "DSC_0288": [
          1756.192008705662,
          2723.5119986783457
        ],
        "DSC_0289": [
          2426.311046307528,
          1643.3000268652559
        ],
        "DSC_0290": [
          2754.0745416328928,
          2710.4852557359054
        ],
        "DSC_0291": [
          2596.138594341326,
          2808.231144393391
        ],
        "DSC_0292": [
          2828.9766073049404,
          2369.891639460279
        ],
        "DSC_0293": [
          3356.9777703006616,
          2167.9870347074034
        ],
        "DSC_0294": [
          1613.9886740446946,
          2575.520992207992
        ],
        "DSC_0295": [
          3003.0153797269795,
          2732.478861174412
        ],
        "DSC_0296": [
          2666.7688241966925,
          2045.829363633205
        ],
        "DSC_0298": [
          2451.8506292453476,
          2366.702218029651
        ]
      },
      "error": 4.05861932912222,
      "n_views": 18
    },
    "15": {
      "xyz": [
        -36.591252580059724,
        28.38618915842015,
        1077.6628613995729
      ],
      "observations": {
        "DSC_0276": [
          2373.162841796875,
          2793.115966796875
        ],
        "DSC_0281": [
          2254.00244140625,
          2608.32275390625
        ],
        "DSC_0282": [
          2543.274400161291,
          3032.6166597760275
        ],
        "DSC_0283": [
          3365.660328823655,
          2933.864362335253
        ],
        "DSC_0284": [
          2035.51692800461,
          2199.3556527944916
        ],
        "DSC_0285": [
          3279.951804897996,
          2434.8598580804824
        ],
        "DSC_0286": [
          2986.9684983271736,
          2166.9783767130307
        ],
        "DSC_0287": [
          3263.8186397319964,
          2848.1575579481737
        ],
        "DSC_0288": [
          1610.2219334650165,
          2713.291950262361
        ],
        "DSC_0289": [
          2280.1567342900603,
          1632.1712627884344
        ],
        "DSC_0290": [
          2600.08851917774,
          2710.4222205208084
        ],
        "DSC_0291": [
          2445.164564040584,
          2809.1372469580383
        ],
        "DSC_0292": [
          2679.933608149244,
          2366.836356967377
        ],
        "DSC_0293": [
          3206.9999023546525,
          2167.9993480636253
        ],
        "DSC_0294": [
          1463.0265417971007,
          2576.2568767699813
        ],
        "DSC_0295": [
          2853.061836292391,
          2733.467024128167
        ],
        "DSC_0296": [
          2515.6663864454385,
          2044.7395764517655
        ],
        "DSC_0297": [
          3389.8703157626237,
          2496.7572302401295
        ],
        "DSC_0298": [
          2299.7909015948526,
          2364.582309363098
        ]
      },
      "error": 4.787364130934282,
      "n_views": 19
    },
    "16": {
      "xyz": [
        23.527596311182776,
        22.687562919904327,
        1076.1629724085087
      ],
      "observations": {
        "DSC_0276": [
          3745.322998046875,
          2666.2275390625
        ],
        "DSC_0281": [
          3509.873046875,
          2276.90673828125
        ],
        "DSC_0282": [
          3815.160310831808,
          2696.0874624822627
        ],
        "DSC_0283": [
          4634.618906564084,
          2589.087087372698
        ],
        "DSC_0284": [
          3310.9926757972794,
          1849.8984715489205
        ],
        "DSC_0285": [
          4560.744535232692,
          2075.228924919178
        ],
        "DSC_0286": [
          4251.726468403709,
          2131.5012049651837
        ],
        "DSC_0287": [
          4529.659956148745,
          2807.5954743624575
        ],
        "DSC_0288": [
          2861.048221420999,
          2663.590081394146
        ],
        "DSC_0289": [
          3536.950170470211,
          1583.6903516538014
        ],
        "DSC_0290": [
          3908.129913422131,
          2549.293299910479
        ],
        "DSC_0291": [
          3731.3645648360043,
          2648.2788047252157
        ],
        "DSC_0292": [
          3954.338016338988,
          2227.679231611131
        ],
        "DSC_0293": [
          4487.085701710252,
          2017.3703278697963
        ],
        "DSC_0294": [
          2752.9766716595345,
          2421.8344904518253
        ],
        "DSC_0295": [
          4138.514113090075,
          2583.9375916591066
        ],
        "DSC_0296": [
          3806.7404704746705,
          1900.863382752506
        ],
        "DSC_0297": [
          4677.873180501727,
          2336.6377899472063
        ],
        "DSC_0298": [
          3593.8303008007606,
          2218.903434582498
        ]
      },
      "error": 3.001964568284367,
      "n_views": 19
    },
    "17": {
      "xyz": [
        30.52590724485862,
        22.784267927794186,
        1076.2825224693786
      ],
      "observations": {
        "DSC_0276": [
          3904.00439453125,
          2668.05029296875
        ],
        "DSC_0281": [
          3655.75390625,
          2255.85400390625
        ],
        "DSC_0282": [
          3961.8639010490265,
          2672.9674750547156
        ],
        "DSC_0283": [
          4783.919063833877,
          2564.8550670632562
        ],
        "DSC_0284": [
          3457.981922253971,
