{
  "cameras": {
    "DSC_0318": {
      "R": [
        [
          -0.9847937600799056,
          -0.025116137927917406,
          0.17190238428616214
        ],
        [
          -0.12042907067907734,
          0.8118613430937517,
          -0.5712950188172338
        ],
        [
          -0.12521217609743604,
          -0.583309814083044,
          -0.8025406978785247
        ]
      ],
      "t": [
        2.417221974534042,
        -3.4373277874419568,
        1493.835901038263
      ],
      "K": [
        [
          24568.148632996475,
          0.0,
          3208.5188969119163
        ],
        [
          0.0,
          24612.198848859585,
          2146.273870075626
        ],
        [
          0.0,
          0.0,
          1.0
        ]
      ]
    },
    "DSC_0310": {
      "R": [
        [
          -0.9875066915050622,
          -0.0013604422491042198,
          0.15757120114288858
        ],
        [
          -0.10968481287975107,
          0.7238807615662859,
          -0.6811504128001009
        ],
        [
          -0.11313609528466056,
          -0.6899237582741304,
          -0.7149863157520147
        ]
      ],
      "t": [
        -63.49418036286469,
        -15.320887586907194,
        1476.8580690414522
      ],
      "K": [
        [
          24568.148632996475,
          0.0,
          3208.5188969119163
        ],
        [
          0.0,
          24612.198848859585,
          2146.273870075626
        ],
        [
          0.0,
          0.0,
          1.0
        ]
      ]
    },
    "DSC_0311": {
      "R": [
        [
          -0.9934034286087249,
          -0.051980166873406564,
          0.10221394366838106
        ],
        [
          -0.10808396159440042,
          0.7222067135498514,
          -0.6831802984202512
        ],
        [
          -0.03830777041920276,
          -0.6897213387704749,
          -0.7230608477646772
        ]
      ],
      "t": [
        55.01559500740208,
        -7.8826256592089345,
        1480.5766505475942
      ],
      "K": [
        [
          24568.148632996475,
          0.0,
          3208.5188969119163
        ],
        [
          0.0,
          24612.198848859585,
          2146.273870075626
        ],
        [
          0.0,
          0.0,
          1.0
        ]
      ]
    },
    "DSC_0312": {
      "R": [
        [
          -0.9903408231829001,
          -0.030378220722455204,
          0.13528568898133264
        ],
        [
          -0.11523387776478507,
          0.7229571730582552,
          -0.6812151490820695
        ],
        [
          -0.0771116551028873,
          -0.6902246660539981,
          -0.7194746020659382
        ]
      ],
      "t": [
        -3.0293663277598677,
        -11.936449184155887,
        1482.8888251732044
      ],
      "K": [
        [
          24568.148632996475,
          0.0,
          3208.5188969119163
        ],
        [
          0.0,
          24612.198848859585,
          2146.273870075626
        ],
        [
          0.0,
          0.0,
          1.0
        ]
      ]
    },
    "DSC_0319": {
      "R": [
        [
          -0.988097788696143,
          -0.00704890395523753,
          0.15366545781932353
        ],
        [
          -0.095359204084456,
          0.8119156919370727,
          -0.5759336171667035
        ],
        [
          -0.12070369576020254,
          -0.583732149311115,
          -0.8029242776815599
        ]
      ],
      "t": [
        9.244082871251877,
        -4.652186862952242,
        1506.345727476541
      ],
      "K": [
        [
          24568.148632996475,
          0.0,
          3208.5188969119163
        ],
        [
          0.0,
          24612.198848859585,
          2146.273870075626
        ],
        [
          0.0,
          0.0,
          1.0
        ]
      ]
    }
  },
  "points_3d": {
    "1000": {
      "xyz": [
        -4.400000000007179,
        4.400000000001982,
        5.085288144880482e-13
      ],
      "observations": {
        "DSC_0318": [
          3317.98876953125,
          2156.993408203125
        ],
        "DSC_0319": [
          3430.9580078125,
          2135.97802734375
        ]
      },
      "error": 0.6838402767018392,
      "n_views": 2
    },
    "1001": {
      "xyz": [
        4.39999999999507,
        4.400000000009302,
        -9.890088143460061e-12
      ],
      "observations": {
        "DSC_0318": [
          3174.998779296875,
          2139.999267578125
        ],
        "DSC_0310": [
          2077.260986328125,
          1936.3056640625
        ],
        "DSC_0311": [
          4047.279541015625,
          2060.71923828125
        ],
        "DSC_0312": [
          3083.965087890625,
          1992.9515380859375
        ],
        "DSC_0319": [
          3288.996337890625,
          2121.997314453125
        ]
      },
      "error": 0.7532238388121104,
      "n_views": 5
    },
    "1002": {
      "xyz": [
        4.399999999998097,
        -4.400000000004028,
        6.172095035134249e-12
      ],
      "observations": {
        "DSC_0318": [
          3178.991943359375,
          2021.9765625
        ],
        "DSC_0319": [
          3288.999267578125,
          2004.976318359375
        ]
      },
      "error": 0.3059613408813323,
      "n_views": 2
    },
    "1003": {
      "xyz": [
        -4.399999999997626,
        -4.399999999998276,
        -3.3313676024571986e-12
      ],
      "observations": {
        "DSC_0318": [
          3320.996826171875,
          2039.9854736328125
        ],
        "DSC_0319": [
          3429.97705078125,
          2018.972412109375
        ]
      },
      "error": 0.27352774429602,
      "n_views": 2
    },
    "1020": {
      "xyz": [
        -19.833246964893117,
        8.13325799891906,
        10.865954045596867
      ],
      "observations": {
        "DSC_0318": [
          3599.858154296875,
          2134.9306640625
        ],
        "DSC_0319": [
          3708.76953125,
          2105.89453125
        ]
      },
      "error": 0.5728793038889062,
      "n_views": 2
    },
    "1021": {
      "xyz": [
        -11.142981776578774,
        8.576661754391573,
        9.553443448906926
      ],
      "observations": {
        "DSC_0318": [
          3453.947998046875,
          2136.972900390625
        ],
        "DSC_0319": [
          3564.8916015625,
          2111.94677734375
        ]
      },
      "error": 0.6606991259759939,
      "n_views": 2
    },
    "1022": {
      "xyz": [
        -9.757741827962414,
        5.6750173181887344,
        17.74499823738524
      ],
      "observations": {
        "DSC_0318": [
          3456.96875,
          2015.96826171875
        ],
        "DSC_0310": [
          2350.33447265625,
          1770.3990478515625
        ],
        "DSC_0311": [
          4319.73193359375,
          1895.595947265625
        ],
        "DSC_0312": [
          3356.99267578125,
          1829.88818359375
        ],
        "DSC_0319": [
          3563.92333984375,
          1990.9449462890625
        ]
      },
      "error": 1.0522968256419256,
      "n_views": 5
    },
    "1023": {
      "xyz": [
        -18.448007016275085,
        5.231613562807306,
        19.057508833956533
      ],
      "observations": {
        "DSC_0318": [
          3602.892822265625,
          2015.9388427734375
        ],
        "DSC_0310": [
          2497.46728515625,
          1768.5047607421875
        ],
        "DSC_0311": [
          4467.271484375,
          1892.4822998046875
        ],
        "DSC_0312": [
          3503.969970703125,
          1827.8890380859375
        ],
        "DSC_0319": [
          3707.815673828125,
          1986.9058837890625
        ]
      },
      "error": 0.838442513789644,
      "n_views": 5
    },
    "1030": {
      "xyz": [
        -35.29484938045425,
        -19.95336396699172,
        -13.287756888910263
      ],
      "observations": {
        "DSC_0318": [
          3779.72802734375,
          2018.8787841796875
        ],
        "DSC_0310": [
          2707.707275390625,
          1871.7342529296875
        ],
        "DSC_0311": [
          4674.3701171875,
          1994.189208984375
        ],
        "DSC_0312": [
          3709.830322265625,
          1931.8983154296875
        ],
        "DSC_0319": [
          3885.603759765625,
          1986.834716796875
        ]
      },
      "error": 1.6045897944549552,
      "n_views": 5
    },
    "1031": {
      "xyz": [
        -26.56729922216694,
        -18.918439804205082,
        -13.733627018878433
      ],
      "observations": {
        "DSC_0318": [
          3640.86279296875,
          2021.928466796875
        ],
        "DSC_0310": [
          2563.591552734375,
          1870.650634765625
        ],
        "DSC_0311": [
          4529.95361328125,
          1992.34912109375
        ],
        "DSC_0312": [
          3565.933837890625,
          1928.92919921875
        ],
        "DSC_0319": [
          3746.7744140625,
          1993.892578125
        ]
      },
      "error": 1.7677176960333907,
      "n_views": 5
    },
    "1032": {
      "xyz": [
        -25.79515601644549,
        -21.874534200959765,
        -5.48103344335078
      ],
      "observations": {
        "DSC_0318": [
          3652.884033203125,
          1901.904541015625
        ],
        "DSC_0319": [
          3754.80322265625,
          1875.8729248046875
        ]
      },
      "error": 1.5121841290278306,
      "n_views": 2
    },
    "1033": {
      "xyz": [
        -34.522706174745544,
        -22.9094582830738,
        -5.035163313417017
      ],
      "observations": {
        "DSC_0318": [
          3794.753173828125,
          1903.8677978515625
        ],
        "DSC_0319": [
          3895.63720703125,
          1872.8282470703125
        ]
      },
      "error": 1.3826764592754466,
      "n_views": 2
    },
    "1010": {
      "xyz": [
        -4.018235048602621,
        -52.94957141691446,
        -66.82338145837514
      ],
      "observations": {
        "DSC_0318": [
          3146.986328125,
          2023.9739990234375
        ],
        "DSC_0319": [
          3257.9990234375,
          2009.9774169921875
        ]
      },
      "error": 2.4051910756289647,
      "n_views": 2
    },
    "1011": {
      "xyz": [
        4.0836952630753425,
        -55.8544752388702,
        -68.18108297645095
      ],
      "observations": {
        "DSC_0318": [
          3024.94189453125,
          1984.93505859375
        ]
      },
      "error": 1.827507461823709,
      "n_views": 1
    },
    "1012": {
      "xyz": [
        4.319205823140382,
        -59.03060440349137,
        -59.86722465125127
      ],
      "observations": {
        "DSC_0318": [
          3039.9189453125,
          1868.86376953125
        ],
        "DSC_0319": [
          3147.96044921875,
          1858.8817138671875
        ]
      },
      "error": 2.3359838439937026,
      "n_views": 2
    },
    "1013": {
      "xyz": [
        -3.859183656946981,
        -56.04472497427392,
        -58.58719744464461
      ],
      "observations": {
        "DSC_0318": [
          3172.977294921875,
          1912.923095703125
        ],
        "DSC_0319": [
          3280.994384765625,
          1897.926513671875
        ]
      },
      "error": 3.2642537516986296,
      "n_views": 2
    }
  },
  "summary": {
    "n_cameras_total": 5,
    "n_cameras_registered": 5,
    "n_points_3d": 16,
    "mean_track_length": 2.875,
    "median_track_length": 2.0,
    "min_track_length": 1,
    "max_track_length": 5
  }
}