{
  "cameras": {
    "DSC_0318": {
      "R": [
        [
          -0.9847937600797968,
          -0.02511613792906152,
          0.17190238428661764
        ],
        [
          -0.12042907068123195,
          0.8118613430892001,
          -0.5712950188232488
        ],
        [
          -0.12521217609621854,
          -0.5833098140893309,
          -0.8025406978741452
        ]
      ],
      "t": [
        2.4172219745346686,
        -3.43732778743695,
        1493.8359010408653
      ],
      "K": [
        [
          24568.148632996475,
          0.0,
          3208.5188969119163
        ],
        [
          0.0,
          24612.198848859585,
          2146.273870075626
        ],
        [
          0.0,
          0.0,
          1.0
        ]
      ]
    },
    "DSC_0315": {
      "R": [
        [
          -0.2374015379829434,
          0.6788010383374531,
          0.6948882357007697
        ],
        [
          0.5286400122511751,
          0.6904158141634431,
          -0.49382764300928605
        ],
        [
          -0.8149725438383861,
          0.25011028348515596,
          -0.5227471653529692
        ]
      ],
      "t": [
        3.8566971530517407,
        1.9837128317618327,
        45.01020797132816
      ],
      "K": [
        [
          24568.148632996475,
          0.0,
          3208.5188969119163
        ],
        [
          0.0,
          24612.198848859585,
          2146.273870075626
        ],
        [
          0.0,
          0.0,
          1.0
        ]
      ]
    },
    "DSC_0319": {
      "R": [
        [
          -0.7913277714860203,
          0.2516143851831443,
          0.5572167973454112
        ],
        [
          -0.2839562958568608,
          0.6558774009545075,
          -0.6994238035414659
        ],
        [
          -0.5414509951216451,
          -0.7116986975441704,
          -0.44756651326446634
        ]
      ],
      "t": [
        4.904323944338331,
        -2.4561650399106756,
        793.0888236218719
      ],
      "K": [
        [
          24568.148632996475,
          0.0,
          3208.5188969119163
        ],
        [
          0.0,
          24612.198848859585,
          2146.273870075626
        ],
        [
          0.0,
          0.0,
          1.0
        ]
      ]
    },
    "DSC_0320": {
      "R": [
        [
          0.17700451774811715,
          -0.9550579456745559,
          -0.23776820876781246
        ],
        [
          0.06557984176376641,
          0.2524907203750423,
          -0.9653743939419214
        ],
        [
          0.9820227517990591,
          0.1552828275386232,
          0.10732454714842427
        ]
      ],
      "t": [
        5.871473779679798,
        8.10260223219036,
        778.9978689581181
      ],
      "K": [
        [
          24568.148632996475,
          0.0,
          3208.5188969119163
        ],
        [
          0.0,
          24612.198848859585,
          2146.273870075626
        ],
        [
          0.0,
          0.0,
          1.0
        ]
      ]
    },
    "DSC_0321": {
      "R": [
        [
          0.19911157810359725,
          -0.9455073967156731,
          -0.2576244208553323
        ],
        [
          0.07882361689502865,
          0.27748855361064895,
          -0.957489916414087
        ],
        [
          0.9768016261681184,
          0.17034043962318612,
          0.12977949662523308
        ]
      ],
      "t": [
        3.737211766965016,
        -1.152700460242568,
        757.4977167022894
      ],
      "K": [
        [
          24568.148632996475,
          0.0,
          3208.5188969119163
        ],
        [
          0.0,
          24612.198848859585,
          2146.273870075626
        ],
        [
          0.0,
          0.0,
          1.0
        ]
      ]
    },
    "DSC_0322": {
      "R": [
        [
          -0.7745107608383406,
          0.2194167627418745,
          0.5932869167388496
        ],
        [
          -0.30389973625571487,
          0.6935124977826509,
          -0.6532115780686798
        ],
        [
          -0.5547774613746684,
          -0.6862191338392889,
          -0.47045219598120075
        ]
      ],
      "t": [
        9.574981582386208,
        -2.7445625071416515,
        757.2313367501104
      ],
      "K": [
        [
          24568.148632996475,
          0.0,
          3208.5188969119163
        ],
        [
          0.0,
          24612.198848859585,
          2146.273870075626
        ],
        [
          0.0,
          0.0,
          1.0
        ]
      ]
    },
    "DSC_0323": {
      "R": [
        [
          -0.8910708488930198,
          0.19229951347236354,
          0.4111126845177187
        ],
        [
          -0.20799890192109918,
          0.6320636472585857,
          -0.746479740256754
        ],
        [
          -0.4033970736788877,
          -0.7506773227775474,
          -0.5232154030749131
        ]
      ],
      "t": [
        6.092722252287787,
        4.892483443457135,
        1065.2291389810243
      ],
      "K": [
        [
          24568.148632996475,
          0.0,
          3208.5188969119163
        ],
        [
          0.0,
          24612.198848859585,
          2146.273870075626
        ],
        [
          0.0,
          0.0,
          1.0
        ]
      ]
    },
    "DSC_0324": {
      "R": [
        [
          -0.8290824794142684,
          0.22332551761411956,
          0.5125894609828364
        ],
        [
          -0.3073788078908172,
          0.583754814063421,
          -0.7514975618838694
        ],
        [
          -0.467055147480369,
          -0.7806125993347569,
          -0.41533535723788884
        ]
      ],
      "t": [
        -1.621047703952344,
        -2.119747150497868,
        937.3432296983212
      ],
      "K": [
        [
          24568.148632996475,
          0.0,
          3208.5188969119163
        ],
        [
          0.0,
          24612.198848859585,
          2146.273870075626
        ],
        [
          0.0,
          0.0,
          1.0
        ]
      ]
    },
    "DSC_0325": {
      "R": [
        [
          -0.7841345505377153,
          0.24110262640704247,
          0.5718413505445732
        ],
        [
          -0.2809399423616467,
          0.6837110764685119,
          -0.6735071734585335
        ],
        [
          -0.5533586137748738,
          -0.6887733208058328,
          -0.468386119678258
        ]
      ],
      "t": [
        3.717497650384114,
        0.1966819230153889,
        753.1874391352374
      ],
      "K": [
        [
          24568.148632996475,
          0.0,
          3208.5188969119163
        ],
        [
          0.0,
          24612.198848859585,
          2146.273870075626
        ],
        [
          0.0,
          0.0,
          1.0
        ]
      ]
    },
    "DSC_0326": {
      "R": [
        [
          0.19921107036796,
          -0.9384919465414368,
          -0.28204222329239426
        ],
        [
          0.0664839838186107,
          0.30009117177957645,
          -0.9515908619336187
        ],
        [
          0.977698741606257,
          0.17081614354862917,
          0.12217616692594221
        ]
      ],
      "t": [
        6.148515348307841,
        0.0099597636885086,
        769.1812207296505
      ],
      "K": [
        [
          24568.148632996475,
          0.0,
          3208.5188969119163
        ],
        [
          0.0,
          24612.198848859585,
          2146.273870075626
        ],
        [
          0.0,
          0.0,
          1.0
        ]
      ]
    },
    "DSC_0328": {
      "R": [
        [
          0.14147350175095713,
          -0.9566931550750662,
          -0.25440804887982027
        ],
        [
          0.03075695886040075,
          0.26111667716634734,
          -0.964817127950818
        ],
        [
          0.9894641265776044,
          0.12867123974735217,
          0.0663660626969681
        ]
      ],
      "t": [
        0.6615092591597018,
        -3.8584828867402745,
        783.8288802279628
      ],
      "K": [
        [
          24568.148632996475,
          0.0,
          3208.5188969119163
        ],
        [
          0.0,
          24612.198848859585,
          2146.273870075626
        ],
        [
          0.0,
          0.0,
          1.0
        ]
      ]
    },
    "DSC_0329": {
      "R": [
        [
          -0.7887876552616524,
          0.18659244360118854,
          0.585659709129595
        ],
        [
          -0.30940623388748745,
          0.7027609602779109,
          -0.6406206483878193
        ],
        [
          -0.5311137517880571,
          -0.6865204240954569,
          -0.49659630482053335
        ]
      ],
      "t": [
        24.39925692340174,
        3.1732576288580168,
        755.5745049029586
      ],
      "K": [
        [
          24568.148632996475,
          0.0,
          3208.5188969119163
        ],
        [
          0.0,
          24612.198848859585,
          2146.273870075626
        ],
        [
          0.0,
          0.0,
          1.0
        ]
      ]
    },
    "DSC_0332": {
      "R": [
        [
          0.11327385927395911,
          -0.9595174720547621,
          -0.25786673617747347
        ],
        [
          0.04230877886353418,
          0.263959988899318,
          -0.9636052570899294
        ],
        [
          0.9926625811605171,
          0.09824125957005753,
          0.07049577917739958
        ]
      ],
      "t": [
        -21.173874799588106,
        4.171566868824594,
        787.304951690317
      ],
      "K": [
        [
          24568.148632996475,
          0.0,
          3208.5188969119163
        ],
        [
          0.0,
          24612.198848859585,
          2146.273870075626
        ],
        [
          0.0,
          0.0,
          1.0
        ]
      ]
    },
    "DSC_0350": {
      "R": [
        [
          -0.7735569389473969,
          0.2348701080653934,
          0.5885963765974813
        ],
        [
          -0.2955445086923743,
          0.6878971637619282,
          -0.6629109559134463
        ],
        [
          -0.5605917459150791,
          -0.6867557967907125,
          -0.4627130536155613
        ]
      ],
      "t": [
        3.86776035258815,
        1.1762219200807447,
        811.3388326341112
      ],
      "K": [
        [
          24568.148632996475,
          0.0,
          3208.5188969119163
        ],
        [
          0.0,
          24612.198848859585,
          2146.273870075626
        ],
        [
          0.0,
          0.0,
          1.0
        ]
      ]
    },
    "DSC_0351": {
      "R": [
        [
          -0.7741767288632291,
          0.23340444818929518,
          0.5883644755184332
        ],
        [
          -0.2949586751317983,
          0.6894098151850804,
          -0.6615991888530153
        ],
        [
          -0.5600444379253531,
          -0.6857379020383254,
          -0.4648803687584058
        ]
      ],
      "t": [
        3.3835693992618925,
        -2.039807340680711,
        793.3333132968783
      ],
      "K": [
        [
          24568.148632996475,
          0.0,
          3208.5188969119163
        ],
        [
          0.0,
          24612.198848859585,
          2146.273870075626
        ],
        [
          0.0,
          0.0,
          1.0
        ]
      ]
    },
    "DSC_0353": {
      "R": [
        [
          0.15355768389380425,
          -0.9507644450247923,
          -0.2691969683965058
        ],
        [
          0.026104605044744378,
          0.2762362065509094,
          -0.9607351912914512
        ],
        [
          0.9877948103288599,
          0.14050099027075286,
          0.06723752241352593
        ]
      ],
      "t": [
        -2.896246791595986,
        -5.638688005622933,
        825.1383875049542
      ],
      "K": [
        [
          24568.148632996475,
          0.0,
          3208.5188969119163
        ],
        [
          0.0,
          24612.198848859585,
          2146.273870075626
        ],
        [
          0.0,
          0.0,
          1.0
        ]
      ]
    },
    "DSC_0354": {
      "R": [
        [
          -0.7423662645923504,
          0.20298206024133872,
          0.6385065484514483
        ],
        [
          -0.3143860318221984,
          0.7360354670680488,
          -0.5995108124237712
        ],
        [
          -0.5916534054582057,
          -0.6457941424618995,
          -0.4825931758444248
        ]
      ],
      "t": [
        9.857757987285236,
        0.5146747975477954,
        745.9167821726049
      ],
      "K": [
        [
          24568.148632996475,
          0.0,
          3208.5188969119163
        ],
        [
          0.0,
          24612.198848859585,
          2146.273870075626
        ],
        [
          0.0,
          0.0,
          1.0
        ]
      ]
    },
    "DSC_0355": {
      "R": [
        [
          0.2144840734167193,
          -0.9381529159420898,
          -0.2717824287181304
        ],
        [
          0.08879153838045212,
          0.2958341203502486,
          -0.9511036935837371
        ],
        [
          0.972683219225357,
          0.17986461449086888,
          0.14675174783097847
        ]
      ],
      "t": [
        -0.017992478768225902,
        3.0450290335558523,
        750.3959897714134
      ],
      "K": [
        [
          24568.148632996475,
          0.0,
          3208.5188969119163
        ],
        [
          0.0,
          24612.198848859585,
          2146.273870075626
        ],
        [
          0.0,
          0.0,
          1.0
        ]
      ]
    },
    "DSC_0356": {
      "R": [
        [
          0.17315119405411217,
          -0.9499404235760328,
          -0.2600612536573309
        ],
        [
          0.06753044703314603,
          0.2748791817449033,
          -0.9591043082828665
        ],
        [
          0.982577377472705,
          0.14850800348614168,
          0.11174555999869296
        ]
      ],
      "t": [
        -2.6521610975113514,
        -3.159428997006172,
        773.4901707789252
      ],
      "K": [
        [
          24568.148632996475,
          0.0,
          3208.5188969119163
        ],
        [
          0.0,
          24612.198848859585,
          2146.273870075626
        ],
        [
          0.0,
          0.0,
          1.0
        ]
      ]
    },
    "DSC_0357": {
      "R": [
        [
          0.12772392213640665,
          -0.9591276301249356,
          -0.25250898765196
        ],
        [
          0.02373004668263118,
          0.25747651750720646,
          -0.9659931303155325
        ],
        [
          0.9915258365764017,
          0.11738838129596002,
          0.055646054111509635
        ]
      ],
      "t": [
        -1.1950095050171343,
        -2.1085868599875424,
        785.9729127637704
      ],
      "K": [
        [
          24568.148632996475,
          0.0,
          3208.5188969119163
        ],
        [
          0.0,
          24612.198848859585,
          2146.273870075626
        ],
        [
          0.0,
          0.0,
          1.0
        ]
      ]
    },
    "DSC_0358": {
      "R": [
        [
          0.0902949125979366,
          -0.9536109954457862,
          -0.2871809501408959
        ],
        [
          -0.04643953413345081,
          0.28401360414607846,
          -0.9576949630907655
        ],
        [
          0.9948317437780114,
          0.09981153252430974,
          -0.018640266810043493
        ]
      ],
      "t": [
        -6.341595605238347,
        -0.010687926654875854,
        808.1924654644865
      ],
      "K": [
        [
          24568.148632996475,
          0.0,
          3208.5188969119163
        ],
        [
          0.0,
          24612.198848859585,
          2146.273870075626
        ],
        [
          0.0,
          0.0,
          1.0
        ]
      ]
    },
    "DSC_0360": {
      "R": [
        [
          0.10738372436305238,
          -0.9319270342612518,
          -0.34638235889685204
        ],
        [
          -0.15095565857579096,
          0.32907468404593404,
          -0.9321599870537343
        ],
        [
          0.9826907575050603,
          0.152387188218355,
          -0.10534239403504383
        ]
      ],
      "t": [
        -7.071596766874354,
        -8.128334959948326,
        844.597917929773
      ],
      "K": [
        [
          24568.148632996475,
          0.0,
          3208.5188969119163
        ],
        [
          0.0,
          24612.198848859585,
          2146.273870075626
        ],
        [
          0.0,
          0.0,
          1.0
        ]
      ]
    },
    "DSC_0361": {
      "R": [
        [
          -0.9106601030266909,
          0.20259780739086408,
          0.360072638776999
        ],
        [
          -0.1645463190663946,
          0.6215673063914435,
          -0.765884190009812
        ],
        [
          -0.37897583780119426,
          -0.7567088026881278,
          -0.5326998238193654
        ]
      ],
      "t": [
        3.1436577032306134,
        -2.78758141040718,
        1047.7953150244703
      ],
      "K": [
        [
          24568.148632996475,
          0.0,
          3208.5188969119163
        ],
        [
          0.0,
          24612.198848859585,
          2146.273870075626
        ],
        [
          0.0,
          0.0,
          1.0
        ]
      ]
    },
    "DSC_0362": {
      "R": [
        [
          0.10018314357997327,
          -0.9523380028604775,
          -0.28812439336188084
        ],
        [
          -0.021539520466343054,
          0.2874375259632639,
          -0.9575571615972587
        ],
        [
          0.9947358376978859,
          0.10213714787400058,
          0.008283491030360524
        ]
      ],
      "t": [
        -1.5163966638171316,
        -0.581489974844431,
        818.1940857027716
      ],
      "K": [
        [
          24568.148632996475,
          0.0,
          3208.5188969119163
        ],
        [
          0.0,
          24612.198848859585,
          2146.273870075626
        ],
        [
          0.0,
          0.0,
          1.0
        ]
      ]
    },
    "DSC_0363": {
      "R": [
        [
          -0.7873411371765008,
          0.23316389613312472,
          0.5707263190441072
        ],
        [
          -0.28118516065727006,
          0.6880283607190542,
          -0.6689931840253652
        ],
        [
          -0.5486609509849956,
          -0.6872056259856089,
          -0.4761508043445562
        ]
      ],
      "t": [
        4.494291996822683,
        5.196518282993549,
        752.5714410996778
      ],
      "K": [
        [
          24568.148632996475,
          0.0,
          3208.5188969119163
        ],
        [
          0.0,
          24612.198848859585,
          2146.273870075626
        ],
        [
          0.0,
          0.0,
          1.0
        ]
      ]
    },
    "DSC_0364": {
      "R": [
        [
          -0.7751666197402458,
          0.2018867350490054,
          0.5986304852342001
        ],
        [
          -0.3033570644297094,
          0.7122272801976063,
          -0.6330140541906711
        ],
        [
          -0.5541581029824163,
          -0.6722901513138307,
          -0.4908510459858024
        ]
      ],
      "t": [
        0.41505593563339366,
        1.7995270683685622,
        788.3671417107176
      ],
      "K": [
        [
          24568.148632996475,
          0.0,
          3208.5188969119163
        ],
        [
          0.0,
          24612.198848859585,
          2146.273870075626
        ],
        [
          0.0,
          0.0,
          1.0
        ]
      ]
    },
    "DSC_0365": {
      "R": [
        [
          0.15008954320965717,
          -0.955677291350455,
          -0.25328648565640816
        ],
        [
          0.07765541997687042,
          0.26679238057180277,
          -0.9606203523853979
        ],
        [
          0.9856179608587357,
          0.12451000146931046,
          0.11425626795401633
        ]
      ],
      "t": [
        2.564912242134652,
        -1.333671992869602,
        776.9800927483382
      ],
      "K": [
        [
          24568.148632996475,
          0.0,
          3208.5188969119163
        ],
        [
          0.0,
          24612.198848859585,
          2146.273870075626
        ],
        [
          0.0,
          0.0,
          1.0
        ]
      ]
    },
    "DSC_0366": {
      "R": [
        [
          -0.7670173540219815,
          0.222389168674113,
          0.6018533345305609
        ],
        [
          -0.29575238819344224,
          0.7098791470062829,
          -0.6392199320449168
        ],
        [
          -0.5693987210268335,
          -0.668292341944803,
          -0.4787174972684169
        ]
      ],
      "t": [
        7.751870739799203,
        0.9612976904271243,
        758.638466981747
      ],
      "K": [
        [
          24568.148632996475,
          0.0,
          3208.5188969119163
        ],
        [
          0.0,
          24612.198848859585,
          2146.273870075626
        ],
        [
          0.0,
          0.0,
          1.0
        ]
      ]
    },
    "DSC_0367": {
      "R": [
        [
          -0.7418523291630377,
          0.2285997158898862,
          0.6303945523324572
        ],
        [
          -0.31128178080562624,
          0.7152681073760956,
          -0.6256957627386458
        ],
        [
          -0.593934991942598,
          -0.6604041977953207,
          -0.4594643847791304
        ]
      ],
      "t": [
        -13.338123977824344,
        6.360804449282441,
        773.6327724170666
      ],
      "K": [
        [
          24568.148632996475,
          0.0,
          3208.5188969119163
        ],
        [
          0.0,
          24612.198848859585,
          2146.273870075626
        ],
        [
          0.0,
          0.0,
          1.0
        ]
      ]
    },
    "DSC_0369": {
      "R": [
        [
          -0.7799127335765693,
          0.24735195940569088,
          0.5749375063285478
        ],
        [
          -0.28846413502036017,
          0.6731585005842404,
          -0.6809156158424724
        ],
        [
          -0.5554498814583355,
          -0.6969036097405031,
          -0.4536527173054053
        ]
      ],
      "t": [
        -2.52097161808976,
        1.0893697558106892,
        772.274887554813
      ],
      "K": [
        [
          24568.148632996475,
          0.0,
          3208.5188969119163
        ],
        [
          0.0,
          24612.198848859585,
          2146.273870075626
        ],
        [
          0.0,
          0.0,
          1.0
        ]
      ]
    },
    "DSC_0370": {
      "R": [
        [
          -0.8001090483626251,
          0.2440402449281254,
          0.5479688582243293
        ],
        [
          -0.26402877960056503,
          0.6769794349045756,
          -0.6870135721067795
        ],
        [
          -0.5386226083918969,
          -0.6943653242866478,
          -0.47722372338077207
        ]
      ],
      "t": [
        17.50048257835152,
        -4.958362552110785,
        782.2720364554082
      ],
      "K": [
        [
          24568.148632996475,
          0.0,
          3208.5188969119163
        ],
        [
          0.0,
          24612.198848859585,
          2146.273870075626
        ],
        [
          0.0,
          0.0,
          1.0
        ]
      ]
    },
    "DSC_0371": {
      "R": [
        [
          -0.7675467364040786,
          0.2780023078686563,
          0.5775696704772065
        ],
        [
          -0.2755437268860539,
          0.6704546430103066,
          -0.6888876731657101
        ],
        [
          -0.5787466302357119,
          -0.6878991848269798,
          -0.4380034811564687
        ]
      ],
      "t": [
        -24.868893585414664,
        3.8626046329233708,
        778.7968755897543
      ],
      "K": [
        [
          24568.148632996475,
          0.0,
          3208.5188969119163
        ],
        [
          0.0,
          24612.198848859585,
          2146.273870075626
        ],
        [
          0.0,
          0.0,
          1.0
        ]
      ]
    },
    "DSC_0374": {
      "R": [
        [
          0.18184969026155123,
          -0.9251333819933703,
          -0.3332550309797087
        ],
        [
          -0.04567430972908021,
          0.330593218011494,
          -0.9426674820081453
        ],
        [
          0.9822650088354721,
          0.18664498312655914,
          0.01786344566808301
        ]
      ],
      "t": [
        -3.134059283562959,
        -4.045713125876263,
        687.991777449293
      ],
      "K": [
        [
          24568.148632996475,
          0.0,
          3208.5188969119163
        ],
        [
          0.0,
          24612.198848859585,
          2146.273870075626
        ],
        [
          0.0,
          0.0,
          1.0
        ]
      ]
    }
  },
  "points_3d": {
    "1000": {
      "xyz": [
        -4.399999999982374,
        4.3999999996251455,
        -4.332321482068403e-11
      ],
      "observations": {
        "DSC_0318": [
          3317.98876953125,
          2156.993408203125
        ],
        "DSC_0315": [
          3574.882080078125,
          2119.9423828125
        ]
      },
      "error": 1893.3083311025891,
      "n_views": 2
    },
    "1001": {
      "xyz": [
        4.399999999979455,
        4.400000000027348,
        1.3307179775300723e-12
      ],
      "observations": {
        "DSC_0318": [
          3174.998779296875,
          2139.999267578125
        ],
        "DSC_0315": [
          3427.962158203125,
          2120.97998046875
        ],
        "DSC_0319": [
          3288.996337890625,
          2121.997314453125
        ],
        "DSC_0322": [
          3441.958251953125,
          2111.977783203125
        ],
        "DSC_0325": [
          3251.99462890625,
          2210.991455078125
        ],
        "DSC_0329": [
          3920.336669921875,
          2307.63134765625
        ],
        "DSC_0350": [
          3253.9921875,
          2234.9853515625
        ],
        "DSC_0351": [
          3239.99951171875,
          2136.99951171875
        ],
        "DSC_0354": [
          3455.925048828125,
          2222.95068359375
        ],
        "DSC_0363": [
          3276.9658203125,
          2375.91015625
        ],
        "DSC_0364": [
          3143.00048828125,
          2253.98486328125
        ],
        "DSC_0366": [
          3382.9560546875,
          2235.964599609375
        ],
        "DSC_0367": [
          2708.95947265625,
          2405.827392578125
        ],
        "DSC_0369": [
          3053.9931640625,
          2234.984130859375
        ],
        "DSC_0370": [
          3685.815673828125,
          2046.9130859375
        ],
        "DSC_0371": [
          2350.776611328125,
          2323.64208984375
        ]
      },
      "error": 332.54807387989763,
      "n_views": 16
    },
    "1002": {
      "xyz": [
        4.399999999945387,
        -4.399999999988128,
        1.0168441671562084e-11
      ],
      "observations": {
        "DSC_0318": [
          3178.991943359375,
          2021.9765625
        ],
        "DSC_0315": [
          3437.97998046875,
          1968.9583740234375
        ],
        "DSC_0323": [
          3238.998291015625,
          2173.998046875
        ],
        "DSC_0361": [
          3166.987548828125,
          1999.967041015625
        ]
      },
      "error": 252.98701252294543,
      "n_views": 4
    },
    "1003": {
      "xyz": [
        -4.399999999998436,
        -4.399999999999589,
        7.040185824341424e-13
      ],
      "observations": {
        "DSC_0318": [
          3320.996826171875,
          2039.9854736328125
        ],
        "DSC_0315": [
          3588.913330078125,
          1967.935302734375
        ],
        "DSC_0319": [
          3429.97705078125,
          2018.972412109375
        ],
        "DSC_0320": [
          3502.84375,
          2360.849853515625
        ],
        "DSC_0321": [
          3436.969482421875,
          2057.977294921875
        ],
        "DSC_0322": [
          3594.9013671875,
          2002.9395751953125
        ],
        "DSC_0324": [
          3234.99951171875,
          2059.99072265625
        ],
        "DSC_0325": [
          3404.974365234375,
          2095.984375
        ],
        "DSC_0326": [
          3509.9296875,
          2095.963623046875
        ],
        "DSC_0328": [
          3341.99658203125,
          1984.96923828125
        ],
        "DSC_0329": [
          4081.103759765625,
          2192.603759765625
        ],
        "DSC_0332": [
          2659.86279296875,
          2236.86328125
        ],
        "DSC_0350": [
          3394.97216796875,
          2129.985107421875
        ],
        "DSC_0351": [
          3384.987548828125,
          2029.979248046875
        ],
        "DSC_0353": [
          3225.9912109375,
          1938.944580078125
        ],
        "DSC_0354": [
          3608.861328125,
          2104.93359375
        ],
        "DSC_0355": [
          3311.98583984375,
          2191.9892578125
        ],
        "DSC_0356": [
          3232.996826171875,
          1997.971923828125
        ],
        "DSC_0357": [
          3284.999267578125,
          2041.9869384765625
        ],
        "DSC_0358": [
          3129.99267578125,
          2114.994384765625
        ],
        "DSC_0360": [
          3108.9521484375,
          1885.893310546875
        ],
        "DSC_0362": [
          3275.998779296875,
          2094.99609375
        ],
        "DSC_0363": [
          3430.92822265625,
          2257.943115234375
        ],
        "DSC_0365": [
          3409.978759765625,
          2053.980712890625
        ],
        "DSC_0366": [
          3534.90869140625,
          2119.95458984375
        ],
        "DSC_0367": [
          2858.9619140625,
          2292.93212890625
        ],
        "DSC_0369": [
          3200.999755859375,
          2127.99951171875
        ],
        "DSC_0370": [
          3827.70361328125,
          1934.8602294921875
        ],
        "DSC_0371": [
          2495.765625,
          2213.767578125
        ],
        "DSC_0374": [
          3212.990966796875,
          1956.9525146484375
        ]
      },
      "error": 57.954007233592925,
      "n_views": 30
    },
    "1020": {
      "xyz": [
        -23.735002517699805,
        -14.85332489013551,
        -5.840159416198764
      ],
      "observations": {
        "DSC_0315": [
          3855.611083984375,
          2058.836181640625
        ],
        "DSC_0318": [
          3599.858154296875,
          2134.9306640625
        ],
        "DSC_0319": [
          3708.76953125,
          2105.89453125
        ],
        "DSC_0320": [
          3770.49658203125,
          2423.618896484375
        ],
        "DSC_0321": [
          3696.78662109375,
          2094.902099609375
        ],
        "DSC_0322": [
          3873.572021484375,
          2082.819091796875
        ],
        "DSC_0324": [
          3508.908203125,
          2175.950439453125
        ],
        "DSC_0325": [
          3693.7578125,
          2166.88134765625
        ],
        "DSC_0326": [
          3769.687255859375,
          2132.85693359375
        ],
        "DSC_0328": [
          3628.86181640625,
          2055.931884765625
        ],
        "DSC_0329": [
          4368.21630859375,
          2267.2119140625
        ],
        "DSC_0332": [
          2945.98583984375,
          2305.94873046875
        ],
        "DSC_0350": [
          3655.781005859375,
          2200.88427734375
        ],
        "DSC_0351": [
          3652.82470703125,
          2103.917724609375
        ],
        "DSC_0353": [
          3488.95849609375,
          2001.9608154296875
        ],
        "DSC_0354": [
          3866.53564453125,
          2161.787841796875
        ],
        "DSC_0355": [
          3560.857177734375,
          2218.916748046875
        ],
        "DSC_0356": [
          3499.94677734375,
          2040.9647216796875
        ],
        "DSC_0357": [
          3578.879150390625,
          2119.94091796875
        ],
        "DSC_0358": [
          3437.933837890625,
          2224.955078125
        ],
        "DSC_0360": [
          3395.9853515625,
          2026.9776611328125
        ],
        "DSC_0362": [
          3577.856201171875,
          2186.92333984375
        ],
        "DSC_0363": [
          3724.634765625,
          2321.76318359375
        ],
        "DSC_0364": [
          3587.837890625,
          2212.90869140625
        ],
        "DSC_0365": [
          3677.8037109375,
          2098.908935546875
        ],
        "DSC_0366": [
          3807.609375,
          2182.8125
        ],
        "DSC_0367": [
          3121.0009765625,
          2353.941650390625
        ],
        "DSC_0369": [
          3483.91455078125,
          2204.948974609375
        ],
        "DSC_0370": [
          4109.1884765625,
          2002.7017822265625
        ],
        "DSC_0371": [
          2776.931640625,
          2281.90771484375
        ],
        "DSC_0374": [
          3512.936279296875,
          2059.963134765625
        ]
      },
      "error": 240.9974647898129,
      "n_views": 31
    },
    "1021": {
      "xyz": [
        -14.735987663269631,
        -9.127932548522956,
        -4.523997783659904
      ],
      "observations": {
        "DSC_0315": [
          3719.77197265625,
          2072.896728515625
        ],
        "DSC_0318": [
          3453.947998046875,
          2136.972900390625
        ],
        "DSC_0319": [
          3564.8916015625,
          2111.94677734375
        ],
        "DSC_0320": [
          3629.674560546875,
          2442.696533203125
        ],
        "DSC_0321": [
          3560.888916015625,
          2128.945068359375
        ],
        "DSC_0322": [
          3726.755615234375,
          2093.889404296875
        ],
        "DSC_0324": [
          3366.97509765625,
          2165.98583984375
        ],
        "DSC_0325": [
          3543.883056640625,
          2182.93701171875
        ],
        "DSC_0326": [
          3635.81591796875,
          2164.907958984375
        ],
        "DSC_0328": [
          3479.949951171875,
          2070.970458984375
        ],
        "DSC_0329": [
          4218.66552734375,
          2280.37109375
        ],
        "DSC_0332": [
          2797.95263671875,
          2320.903564453125
        ],
        "DSC_0350": [
          3520.888427734375,
          2212.93408203125
        ],
        "DSC_0351": [
          3512.9228515625,
          2115.961181640625
        ],
        "DSC_0353": [
          3352.994140625,
          2017.978759765625
        ],
        "DSC_0354": [
          3727.7109375,
          2184.856201171875
        ],
        "DSC_0355": [
          3430.92822265625,
          2257.943115234375
        ],
        "DSC_0356": [
          3358.9892578125,
          2069.988037109375
        ],
        "DSC_0357": [
          3426.96044921875,
          2131.979248046875
        ],
        "DSC_0358": [
          3281.98876953125,
          2220.986328125
        ],
        "DSC_0360": [
          3249.99853515625,
          2006.97607421875
        ],
        "DSC_0362": [
          3422.94970703125,
          2189.9697265625
        ],
        "DSC_0363": [
          3572.79296875,
          2340.833740234375
        ],
        "DSC_0364": [
          3436.93359375,
          2227.9541015625
        ],
        "DSC_0365": [
          3537.90478515625,
          2126.95263671875
        ],
        "DSC_0367": [
          2982.00146484375,
          2372.922607421875
        ],
        "DSC_0369": [
          3335.97607421875,
          2216.97998046875
        ],
        "DSC_0370": [
          3965.460693359375,
          2017.7869873046875
        ],
        "DSC_0371": [
          2629.88134765625,
          2298.837158203125
        ],
        "DSC_0374": [
          3360.989013671875,
          2067.98779296875
        ]
      },
      "error": 151.40783203819396,
      "n_views": 30
    },
    "1022": {
      "xyz": [
        -12.207454681395285,
        -9.986939430237495,
        -0.6743646264064508
      ],
      "observations": {
        "DSC_0315": [
          3723.8203125,
          1921.8924560546875
        ],
        "DSC_0318": [
          3456.96875,
          2015.96826171875
        ],
        "DSC_0319": [
          3563.92333984375,
          1990.9449462890625
        ],
        "DSC_0320": [
          3639.737548828125,
          2318.816650390625
        ],
        "DSC_0321": [
          3569.916748046875,
          2004.94580078125
        ],
        "DSC_0322": [
          3731.7978515625,
          1970.8968505859375
        ],
        "DSC_0324": [
          3360.9912109375,
          2043.9840087890625
        ],
        "DSC_0325": [
          3545.9189453125,
          2056.955322265625
        ],
        "DSC_0326": [
          3640.856689453125,
          2041.9285888671875
        ],
        "DSC_0328": [
          3484.96728515625,
          1946.9462890625
        ],
        "DSC_0329": [
          4223.779296875,
          2157.504150390625
        ],
        "DSC_0332": [
          2802.910400390625,
          2196.927001953125
        ],
        "DSC_0350": [
          3523.921630859375,
          2096.9599609375
        ],
        "DSC_0351": [
          3515.947265625,
          1996.955322265625
        ],
        "DSC_0353": [
          3357.99560546875,
          1898.930908203125
        ],
        "DSC_0354": [
          3740.754150390625,
          2061.889892578125
        ],
        "DSC_0355": [
          3439.954833984375,
          2132.9765625
        ],
        "DSC_0356": [
          3366.994873046875,
          1947.9544677734375
        ],
        "DSC_0357": [
          3431.977783203125,
          2006.969482421875
        ],
        "DSC_0358": [
          3278.99853515625,
          2093.995849609375
        ],
        "DSC_0360": [
          3240.9873046875,
          1879.911376953125
        ],
        "DSC_0362": [
          3420.9736328125,
          2065.98046875
        ],
        "DSC_0363": [
          3574.846923828125,
          2216.912109375
        ],
        "DSC_0364": [
          3439.959716796875,
          2108.978271484375
        ],
        "DSC_0365": [
          3546.929931640625,
          2004.9508056640625
        ],
        "DSC_0366": [
          3669.818115234375,
          2080.915283203125
        ],
        "DSC_0367": [
          2990.985107421875,
          2252.971923828125
        ],
        "DSC_0369": [
          3337.990966796875,
          2094.992431640625
        ],
        "DSC_0370": [
          3964.52294921875,
          1897.802490234375
        ],
        "DSC_0371": [
          2630.8173828125,
          2177.847412109375
        ],
        "DSC_0374": [
          3357.995849609375,
          1918.9412841796875
        ]
      },
      "error": 163.05112195237174,
      "n_views": 31
    },
    "1023": {
      "xyz": [
        -21.12858009338278,
        -15.675270080566765,
        -2.0367906093594526
      ],
      "observations": {
        "DSC_0315": [
          3858.67431640625,
          1907.8463134765625
        ],
        "DSC_0318": [
          3602.892822265625,
          2015.9388427734375
        ],
        "DSC_0319": [
          3707.815673828125,
          1986.9058837890625
        ],
        "DSC_0320": [
          3780.57275390625,
          2299.74560546875
        ],
        "DSC_0321": [
          3706.82177734375,
          1970.9049072265625
        ],
        "DSC_0322": [
