{
  "cameras": {
    "DSC_0318": {
      "R": [
        [
          -0.984793760079911,
          -0.025116137927848642,
          0.17190238428613983
        ],
        [
          -0.12042907067903444,
          0.8118613430936352,
          -0.5712950188174074
        ],
        [
          -0.12521217609743288,
          -0.5833098140832084,
          -0.8025406978784055
        ]
      ],
      "t": [
        2.4172219745340437,
        -3.4373277874398034,
        1493.8359010383115
      ],
      "K": [
        [
          24568.148632996475,
          0.0,
          3208.5188969119163
        ],
        [
          0.0,
          24612.198848859585,
          2146.273870075626
        ],
        [
          0.0,
          0.0,
          1.0
        ]
      ]
    },
    "DSC_0302": {
      "R": [
        [
          -0.9908062915439624,
          0.04592019955985371,
          0.12725654367962372
        ],
        [
          -0.04346255429471962,
          0.7827305495773057,
          -0.6208412785346891
        ],
        [
          -0.12811673977696794,
          -0.6206643392614015,
          -0.7735385439382634
        ]
      ],
      "t": [
        0.1351295711538228,
        -10.809214812577233,
        1442.3285332576202
      ],
      "K": [
        [
          24568.148632996475,
          0.0,
          3208.5188969119163
        ],
        [
          0.0,
          24612.198848859585,
          2146.273870075626
        ],
        [
          0.0,
          0.0,
          1.0
        ]
      ]
    },
    "DSC_0304": {
      "R": [
        [
          -0.995278507475057,
          0.011157310000962577,
          0.09641683977275659
        ],
        [
          -0.05067449462022906,
          0.7875021570894156,
          -0.6142250794086005
        ],
        [
          -0.08278156892211799,
          -0.6162108949159043,
          -0.7832185804957215
        ]
      ],
      "t": [
        55.40951226655296,
        -5.807657834526741,
        1424.435258591936
      ],
      "K": [
        [
          24568.148632996475,
          0.0,
          3208.5188969119163
        ],
        [
          0.0,
          24612.198848859585,
          2146.273870075626
        ],
        [
          0.0,
          0.0,
          1.0
        ]
      ]
    },
    "DSC_0306": {
      "R": [
        [
          -0.9893515607743321,
          0.043602663351672316,
          0.138860710577304
        ],
        [
          -0.05126542180691865,
          0.7885302965461719,
          -0.6128554706909003
        ],
        [
          -0.13621800806189968,
          -0.6134482693572841,
          -0.7778983706771736
        ]
      ],
      "t": [
        -12.489732727947535,
        -25.395025773247063,
        1443.6441278460602
      ],
      "K": [
        [
          24568.148632996475,
          0.0,
          3208.5188969119163
        ],
        [
          0.0,
          24612.198848859585,
          2146.273870075626
        ],
        [
          0.0,
          0.0,
          1.0
        ]
      ]
    },
    "DSC_0307": {
      "R": [
        [
          -0.989612768253916,
          0.04171123997933334,
          0.13757449388679394
        ],
        [
          -0.056657495920647234,
          0.7663610423587037,
          -0.6399067751718857
        ],
        [
          -0.13212303760065042,
          -0.6410545415284621,
          -0.7560374182015795
        ]
      ],
      "t": [
        -8.457302567886952,
        26.349329994076804,
        1448.1583349665973
      ],
      "K": [
        [
          24568.148632996475,
          0.0,
          3208.5188969119163
        ],
        [
          0.0,
          24612.198848859585,
          2146.273870075626
        ],
        [
          0.0,
          0.0,
          1.0
        ]
      ]
    },
    "DSC_0308": {
      "R": [
        [
          -0.9938448266644508,
          0.01573952378677032,
          0.10965732033600531
        ],
        [
          -0.05668896652951369,
          0.7781798726069262,
          -0.625477774939513
        ],
        [
          -0.09517784188624615,
          -0.6278442109794707,
          -0.7724977832676562
        ]
      ],
      "t": [
        49.363828831390684,
        -0.6412332034014302,
        1454.2320224662267
      ],
      "K": [
        [
          24568.148632996475,
          0.0,
          3208.5188969119163
        ],
        [
          0.0,
          24612.198848859585,
          2146.273870075626
        ],
        [
          0.0,
          0.0,
          1.0
        ]
      ]
    },
    "DSC_0309": {
      "R": [
        [
          -0.9910192820057946,
          -0.03146211733258839,
          0.12996506401979652
        ],
        [
          -0.1125546671613882,
          0.7210161877568643,
          -0.6837156601195753
        ],
        [
          -0.07219577268032033,
          -0.6922035771111761,
          -0.7180821528499254
        ]
      ],
      "t": [
        -6.561984327926974,
        -9.066347200670755,
        1490.343634937753
      ],
      "K": [
        [
          24568.148632996475,
          0.0,
          3208.5188969119163
        ],
        [
          0.0,
          24612.198848859585,
          2146.273870075626
        ],
        [
          0.0,
          0.0,
          1.0
        ]
      ]
    },
    "DSC_0310": {
      "R": [
        [
          -0.9875066915049587,
          -0.0013604422499029975,
          0.15757120114353082
        ],
        [
          -0.10968481288074733,
          0.7238807615663937,
          -0.6811504127998256
        ],
        [
          -0.1131360952845988,
          -0.6899237582740154,
          -0.7149863157521353
        ]
      ],
      "t": [
        -63.49418036286467,
        -15.320887586884881,
        1476.858069041517
      ],
      "K": [
        [
          24568.148632996475,
          0.0,
          3208.5188969119163
        ],
        [
          0.0,
          24612.198848859585,
          2146.273870075626
        ],
        [
          0.0,
          0.0,
          1.0
        ]
      ]
    },
    "DSC_0311": {
      "R": [
        [
          -0.9934034286087086,
          -0.051980166873890774,
          0.10221394366829256
        ],
        [
          -0.10808396159470508,
          0.722206713549555,
          -0.6831802984205154
        ],
        [
          -0.03830777041876405,
          -0.6897213387707478,
          -0.7230608477644398
        ]
      ],
      "t": [
        55.01559500740207,
        -7.882625659199179,
        1480.5766505475915
      ],
      "K": [
        [
          24568.148632996475,
          0.0,
          3208.5188969119163
        ],
        [
          0.0,
          24612.198848859585,
          2146.273870075626
        ],
        [
          0.0,
          0.0,
          1.0
        ]
      ]
    },
    "DSC_0312": {
      "R": [
        [
          -0.9903408231829023,
          -0.030378220722873273,
          0.13528568898122173
        ],
        [
          -0.11523387776504407,
          0.7229571730579379,
          -0.6812151490823632
        ],
        [
          -0.0771116551024704,
          -0.690224666054313,
          -0.719474602065681
        ]
      ],
      "t": [
        -3.0293663277598712,
        -11.936449184146467,
        1482.8888251732124
      ],
      "K": [
        [
          24568.148632996475,
          0.0,
          3208.5188969119163
        ],
        [
          0.0,
          24612.198848859585,
          2146.273870075626
        ],
        [
          0.0,
          0.0,
          1.0
        ]
      ]
    },
    "DSC_0319": {
      "R": [
        [
          -0.9880977886959739,
          -0.00704890395397012,
          0.15366545782046914
        ],
        [
          -0.09535920408412356,
          0.8119156919369962,
          -0.5759336171668674
        ],
        [
          -0.1207036957618496,
          -0.5837321493112377,
          -0.802924277681223
        ]
      ],
      "t": [
        9.244082871250566,
        -4.65218686295269,
        1506.3457274767302
      ],
      "K": [
        [
          24568.148632996475,
          0.0,
          3208.5188969119163
        ],
        [
          0.0,
          24612.198848859585,
          2146.273870075626
        ],
        [
          0.0,
          0.0,
          1.0
        ]
      ]
    },
    "DSC_0320": {
      "R": [
        [
          -0.990416040415348,
          0.08418112744089412,
          0.10949705325150871
        ],
        [
          0.00215246277364594,
          0.8021010540803707,
          -0.5971844488490686
        ],
        [
          -0.13809936202601322,
          -0.5912253688957686,
          -0.794594946738318
        ]
      ],
      "t": [
        12.15425087224205,
        16.54132651691028,
        1476.9796924658503
      ],
      "K": [
        [
          24568.148632996475,
          0.0,
          3208.5188969119163
        ],
        [
          0.0,
          24612.198848859585,
          2146.273870075626
        ],
        [
          0.0,
          0.0,
          1.0
        ]
      ]
    },
    "DSC_0322": {
      "R": [
        [
          -0.9890287054465909,
          0.018487353610389518,
          0.14656206043558798
        ],
        [
          -0.07035169765105859,
          0.8134559592610096,
          -0.5773560781531316
        ],
        [
          -0.12989556743882588,
          -0.5813326243203932,
          -0.8032306776141646
        ]
      ],
      "t": [
        18.95376561599313,
        -5.472994118383789,
        1504.3498383249673
      ],
      "K": [
        [
          24568.148632996475,
          0.0,
          3208.5188969119163
        ],
        [
          0.0,
          24612.198848859585,
          2146.273870075626
        ],
        [
          0.0,
          0.0,
          1.0
        ]
      ]
    },
    "DSC_0323": {
      "R": [
        [
          -0.9738197560939937,
          -0.13387309314129547,
          0.18372010661279486
        ],
        [
          -0.21462943385857153,
          0.8077513519795357,
          -0.5490646223321818
        ],
        [
          -0.07489518517624306,
          -0.5741217190701067,
          -0.8153373307591171
        ]
      ],
      "t": [
        6.975635805824763,
        6.444707357128701,
        1541.6998152993083
      ],
      "K": [
        [
          24568.148632996475,
          0.0,
          3208.5188969119163
        ],
        [
          0.0,
          24612.198848859585,
          2146.273870075626
        ],
        [
          0.0,
          0.0,
          1.0
        ]
      ]
    },
    "DSC_0324": {
      "R": [
        [
          -0.9769403637225453,
          -0.12057558960970524,
          0.1762074144862604
        ],
        [
          -0.1989938881078863,
          0.8133128339886898,
          -0.5467391211217584
        ],
        [
          -0.07738835975369204,
          -0.5691957143720942,
          -0.8185519412444605
        ]
      ],
      "t": [
        -1.5622611695909847,
        -2.7633793627183962,
        1544.3514404907157
      ],
      "K": [
        [
          24568.148632996475,
          0.0,
          3208.5188969119163
        ],
        [
          0.0,
          24612.198848859585,
          2146.273870075626
        ],
        [
          0.0,
          0.0,
          1.0
        ]
      ]
    },
    "DSC_0325": {
      "R": [
        [
          -0.9901147778594285,
          0.04418867101049028,
          0.13311682094574395
        ],
        [
          -0.04257582999710808,
          0.8096054897613769,
          -0.5854282617437419
        ],
        [
          -0.1336414058756939,
          -0.5853087324673778,
          -0.7997209903041184
        ]
      ],
      "t": [
        6.4924330188565085,
        0.34403842851085953,
        1397.124929963238
      ],
      "K": [
        [
          24568.148632996475,
          0.0,
          3208.5188969119163
        ],
        [
          0.0,
          24612.198848859585,
          2146.273870075626
        ],
        [
          0.0,
          0.0,
          1.0
        ]
      ]
    },
    "DSC_0328": {
      "R": [
        [
          -0.9897262010477417,
          0.05891980792338161,
          0.13027088390686986
        ],
        [
          -0.02796380823337606,
          0.8137715560108241,
          -0.5805117398096349
        ],
        [
          -0.14021438010665066,
          -0.578190548921369,
          -0.8037634084413856
        ]
      ],
      "t": [
        2.6015915299545935,
        -5.961940119290405,
        1397.416401135928
      ],
      "K": [
        [
          24568.148632996475,
          0.0,
          3208.5188969119163
        ],
        [
          0.0,
          24612.198848859585,
          2146.273870075626
        ],
        [
          0.0,
          0.0,
          1.0
        ]
      ]
    },
    "DSC_0329": {
      "R": [
        [
          -0.9928647213321894,
          0.03317365347591408,
          0.11453887483738406
        ],
        [
          -0.04050265157674425,
          0.8096050483445856,
          -0.5855759565677319
        ],
        [
          -0.1121569451670596,
          -0.5860368370759823,
          -0.8024846697855179
        ]
      ],
      "t": [
        45.092491697538534,
        5.849454716387298,
        1412.8045434207627
      ],
      "K": [
        [
          24568.148632996475,
          0.0,
          3208.5188969119163
        ],
        [
          0.0,
          24612.198848859585,
          2146.273870075626
        ],
        [
          0.0,
          0.0,
          1.0
        ]
      ]
    },
    "DSC_0332": {
      "R": [
        [
          -0.9847973378305076,
          0.07089433108088987,
          0.15858183131285303
        ],
        [
          -0.037133802478008834,
          0.8059026934167158,
          -0.5908823313124265
        ],
        [
          -0.16969173260789466,
          -0.5877880932481341,
          -0.7910182509400487
        ]
      ],
      "t": [
        -35.87845727445279,
        8.277056701043652,
        1387.0787503068484
      ],
      "K": [
        [
          24568.148632996475,
          0.0,
          3208.5188969119163
        ],
        [
          0.0,
          24612.198848859585,
          2146.273870075626
        ],
        [
          0.0,
          0.0,
          1.0
        ]
      ]
    },
    "DSC_0350": {
      "R": [
        [
          -0.9898665620488536,
          0.03243715936594153,
          0.1382462297129709
        ],
        [
          -0.05567183420335762,
          0.8069705246496948,
          -0.5879619198749445
        ],
        [
          -0.13063244701840682,
          -0.5897002654220748,
          -0.7969873027515042
        ]
      ],
      "t": [
        6.94396043260783,
        2.248081657557963,
        1541.4753923058636
      ],
      "K": [
        [
          24568.148632996475,
          0.0,
          3208.5188969119163
        ],
        [
          0.0,
          24612.198848859585,
          2146.273870075626
        ],
        [
          0.0,
          0.0,
          1.0
        ]
      ]
    },
    "DSC_0351": {
      "R": [
        [
          -0.9894401105362527,
          0.020549372047957145,
          0.1434781898772171
        ],
        [
          -0.06808479710528918,
          0.8079944770255809,
          -0.5852430140542387
        ],
        [
          -0.12795596142868737,
          -0.5888315959632201,
          -0.7980630448343461
        ]
      ],
      "t": [
        5.620489911517987,
        -3.852008408232054,
        1478.214344768704
      ],
      "K": [
        [
          24568.148632996475,
          0.0,
          3208.5188969119163
        ],
        [
          0.0,
          24612.198848859585,
          2146.273870075626
        ],
        [
          0.0,
          0.0,
          1.0
        ]
      ]
    },
    "DSC_0353": {
      "R": [
        [
          -0.9899164076255433,
          0.061546022207823556,
          0.1275836708365656
        ],
        [
          -0.027265316697769295,
          0.8010507287614839,
          -0.5979751938467563
        ],
        [
          -0.13900398706191622,
          -0.595424064932792,
          -0.7912951879544075
        ]
      ],
      "t": [
        -4.010897301578062,
        -9.010194630875652,
        1456.3319451804634
      ],
      "K": [
        [
          24568.148632996475,
          0.0,
          3208.5188969119163
        ],
        [
          0.0,
          24612.198848859585,
          2146.273870075626
        ],
        [
          0.0,
          0.0,
          1.0
        ]
      ]
    },
    "DSC_0356": {
      "R": [
        [
          -0.9860357723621981,
          0.14342921239335474,
          0.08462574463072924
        ],
        [
          0.06692662396325857,
          0.806609445581959,
          -0.5872836021062096
        ],
        [
          -0.15249354946017896,
          -0.5734189248099386,
          -0.804945000632248
        ]
      ],
      "t": [
        -4.264673142765155,
        -5.053656456832372,
        1467.2046703323401
      ],
      "K": [
        [
          24568.148632996475,
          0.0,
          3208.5188969119163
        ],
        [
          0.0,
          24612.198848859585,
          2146.273870075626
        ],
        [
          0.0,
          0.0,
          1.0
        ]
      ]
    },
    "DSC_0357": {
      "R": [
        [
          -0.9879334774164164,
          0.025946045463690035,
          0.15269003544666282
        ],
        [
          -0.06784936947165966,
          0.8137281123072729,
          -0.577272052244989
        ],
        [
          -0.1392261012246096,
          -0.5806663086193646,
          -0.8021488208382255
        ]
      ],
      "t": [
        -0.4742093061335844,
        -2.945851476550966,
        1375.6992013630631
      ],
      "K": [
        [
          24568.148632996475,
          0.0,
          3208.5188969119163
        ],
        [
          0.0,
          24612.198848859585,
          2146.273870075626
        ],
        [
          0.0,
          0.0,
          1.0
        ]
      ]
    },
    "DSC_0358": {
      "R": [
        [
          -0.9845686975953115,
          -0.07654946097854035,
          0.15736791203853168
        ],
        [
          -0.15166494942424524,
          0.8218841399476097,
          -0.5490939843221004
        ],
        [
          -0.08730534251472381,
          -0.5644879454217538,
          -0.8208112673702244
        ]
      ],
      "t": [
        -8.128712337939561,
        0.7147242941709647,
        1374.0955710868127
      ],
      "K": [
        [
          24568.148632996475,
          0.0,
          3208.5188969119163
        ],
        [
          0.0,
          24612.198848859585,
          2146.273870075626
        ],
        [
          0.0,
          0.0,
          1.0
        ]
      ]
    },
    "DSC_0360": {
      "R": [
        [
          -0.9670810251392233,
          -0.17101357034810605,
          0.18843738899820833
        ],
        [
          -0.24655229003988294,
          0.8129693608244949,
          -0.5275346307463626
        ],
        [
          -0.0629782430031049,
          -0.5566284012852787,
          -0.828371030270154
        ]
      ],
      "t": [
        -8.831118351074812,
        -12.73704655987498,
        1441.3957199746083
      ],
      "K": [
        [
          24568.148632996475,
          0.0,
          3208.5188969119163
        ],
        [
          0.0,
          24612.198848859585,
          2146.273870075626
        ],
        [
          0.0,
          0.0,
          1.0
        ]
      ]
    },
    "DSC_0361": {
      "R": [
        [
          -0.9789379694199625,
          -0.11309544177390285,
          0.1699702123252377
        ],
        [
          -0.18860493110360266,
          0.8197028341163884,
          -0.5408469688414326
        ],
        [
          -0.07815773788516359,
          -0.5615128536298399,
          -0.8237685859615842
        ]
      ],
      "t": [
        2.6508569748608553,
        -4.427631899129003,
        1473.150432756373
      ],
      "K": [
        [
          24568.148632996475,
          0.0,
          3208.5188969119163
        ],
        [
          0.0,
          24612.198848859585,
          2146.273870075626
        ],
        [
          0.0,
          0.0,
          1.0
        ]
      ]
    },
    "DSC_0362": {
      "R": [
        [
          -0.9891655334513983,
          -0.012268851108405102,
          0.14629088394117545
        ],
        [
          -0.09360783796821513,
          0.8203543769783939,
          -0.5641420644157885
        ],
        [
          -0.1130889919608759,
          -0.5717238594504092,
          -0.8126147355496341
        ]
      ],
      "t": [
        -0.15474143679695862,
        -0.08320791450467488,
        1407.036238068132
      ],
      "K": [
        [
          24568.148632996475,
          0.0,
          3208.5188969119163
        ],
        [
          0.0,
          24612.198848859585,
          2146.273870075626
        ],
        [
          0.0,
          0.0,
          1.0
        ]
      ]
    },
    "DSC_0363": {
      "R": [
        [
          -0.9899838031884827,
          0.07170839632127035,
          0.1216140424519274
        ],
        [
          -0.013844706377156589,
          0.8079440696646429,
          -0.5890965153513174
        ],
        [
          -0.14050051078127046,
          -0.5848797194216656,
          -0.7988587611583389
        ]
      ],
      "t": [
        8.858680525065346,
        9.901477494899263,
        1431.9615220551927
      ],
      "K": [
        [
          24568.148632996475,
          0.0,
          3208.5188969119163
        ],
        [
          0.0,
          24612.198848859585,
          2146.273870075626
        ],
        [
          0.0,
          0.0,
          1.0
        ]
      ]
    },
    "DSC_0364": {
      "R": [
        [
          -0.9890617241824297,
          0.03479249752871279,
          0.14334011257493115
        ],
        [
          -0.05544541534547527,
          0.8128186610274628,
          -0.5798720808960289
        ],
        [
          -0.13668471631622595,
          -0.5814768322136639,
          -0.8019987418470901
        ]
      ],
      "t": [
        0.4292042504734017,
        2.7813465558471053,
        1415.0057747843553
      ],
      "K": [
        [
          24568.148632996475,
          0.0,
          3208.5188969119163
        ],
        [
          0.0,
          24612.198848859585,
          2146.273870075626
        ],
        [
          0.0,
          0.0,
          1.0
        ]
      ]
    },
    "DSC_0366": {
      "R": [
        [
          -0.9905327397143191,
          0.06326323858107076,
          0.12183043215173954
        ],
        [
          -0.021073302163820213,
          0.8068872411344256,
          -0.5903294809090831
        ],
        [
          -0.13564957607732292,
          -0.5873080475684882,
          -0.7979150642589303
        ]
      ],
      "t": [
        14.388074917993958,
        1.7649852847210517,
        1457.2101418830257
      ],
      "K": [
        [
          24568.148632996475,
          0.0,
          3208.5188969119163
        ],
        [
          0.0,
          24612.198848859585,
          2146.273870075626
        ],
        [
          0.0,
          0.0,
          1.0
        ]
      ]
    },
    "DSC_0367": {
      "R": [
        [
          -0.9856751299140771,
          0.08195739301909755,
          0.1474025915592406
        ],
        [
          -0.022447066066008138,
          0.802462486038277,
          -0.596280209068099
        ],
        [
          -0.16715462151521684,
          -0.5910473282494226,
          -0.7891276121612548
        ]
      ],
      "t": [
        -26.323543705068925,
        12.230618370245226,
        1493.0669600548604
      ],
      "K": [
        [
          24568.148632996475,
          0.0,
          3208.5188969119163
        ],
        [
          0.0,
          24612.198848859585,
          2146.273870075626
        ],
        [
          0.0,
          0.0,
          1.0
        ]
      ]
    },
    "DSC_0369": {
      "R": [
        [
          -0.9883819651788812,
          0.024336148330210722,
          0.15002947308306766
        ],
        [
          -0.06827124905720833,
          0.8108279663342651,
          -0.5812891238982614
        ],
        [
          -0.13579443089207147,
          -0.5847783861384495,
          -0.7997462795437118
        ]
      ],
      "t": [
        -4.916521475228356,
        2.0338580139740063,
        1472.9265806141568
      ],
      "K": [
        [
          24568.148632996475,
          0.0,
          3208.5188969119163
        ],
        [
          0.0,
          24612.198848859585,
          2146.273870075626
        ],
        [
          0.0,
          0.0,
          1.0
        ]
      ]
    },
    "DSC_0370": {
      "R": [
        [
          -0.9930856262048959,
          0.03339544416337982,
          0.11254191812102823
        ],
        [
          -0.038433160730865695,
          0.8133573680024678,
          -0.580493483229858
        ],
        [
          -0.11092263601927735,
          -0.5808050759292902,
          -0.806450018657887
        ]
      ],
      "t": [
        32.60504156147488,
        -9.34752858996737,
        1466.8416646685541
      ],
      "K": [
        [
          24568.148632996475,
          0.0,
          3208.5188969119163
        ],
        [
          0.0,
          24612.198848859585,
          2146.273870075626
        ],
        [
          0.0,
          0.0,
          1.0
        ]
      ]
    },
    "DSC_0371": {
      "R": [
        [
          -0.984829575097797,
          0.06875752024596128,
          0.15932078151427342
        ],
        [
          -0.03867802872875274,
          0.8080666810699327,
          -0.5878199120804614
        ],
        [
          -0.16915885464955832,
          -0.5850646480127216,
          -0.7931485608253979
        ]
      ],
      "t": [
        -47.671046813358444,
        7.301335448873773,
        1485.0587866695423
      ],
      "K": [
        [
          24568.148632996475,
          0.0,
          3208.5188969119163
        ],
        [
          0.0,
          24612.198848859585,
          2146.273870075626
        ],
        [
          0.0,
          0.0,
          1.0
        ]
      ]
    },
    "DSC_0373": {
      "R": [
        [
          -0.9909038133161294,
          0.0339144542268866,
          0.1302284245088057
        ],
        [
          -0.054956231416855156,
          0.7813679107054775,
          -0.6216462022309911
        ],
        [
          -0.12283910364379233,
          -0.6231484557585373,
          -0.7723966317260453
        ]
      ],
      "t": [
        7.077822771675812,
        -3.591876264355888,
        1394.4012500427243
      ],
      "K": [
        [
          24568.148632996475,
          0.0,
          3208.5188969119163
        ],
        [
          0.0,
          24612.198848859585,
          2146.273870075626
        ],
        [
          0.0,
          0.0,
          1.0
        ]
      ]
    },
    "DSC_0379": {
      "R": [
        [
          -0.984008560565186,
          -0.13958506811837035,
          0.1106488205667842
        ],
        [
          -0.177671286338684,
          0.7250497986218827,
          -0.6653838768178297
        ],
        [
          0.012651748700786405,
          -0.6744025491327545,
          -0.7382554672862605
        ]
      ],
      "t": [
        -13.976794619091672,
        -4.061320327544301,
        1465.4642405776149
      ],
      "K": [
        [
          24568.148632996475,
          0.0,
          3208.5188969119163
        ],
        [
          0.0,
          24612.198848859585,
          2146.273870075626
        ],
        [
          0.0,
          0.0,
          1.0
        ]
      ]
    },
    "DSC_0380": {
      "R": [
        [
          -0.9830937824353011,
          -0.17155835044099046,
          0.06398708722093092
        ],
        [
          -0.16920013010469484,
          0.7176029075128737,
          -0.6755866954741067
        ],
        [
          0.06998521922239766,
          -0.6749917032994074,
          -0.7344986518485636
        ]
      ],
      "t": [
        74.35584192781955,
        -0.6741858052321434,
        1551.030631312294
      ],
      "K": [
        [
          24568.148632996475,
          0.0,
          3208.5188969119163
        ],
        [
          0.0,
          24612.198848859585,
          2146.273870075626
        ],
        [
          0.0,
          0.0,
          1.0
        ]
      ]
    }
  },
  "points_3d": {
    "1000": {
      "xyz": [
        -4.399999999952235,
        4.400000000022302,
        -4.148462366867387e-11
      ],
      "observations": {
        "DSC_0318": [
          3317.98876953125,
          2156.993408203125
        ],
        "DSC_0302": [
          3286.999267578125,
          2023.982177734375
        ],
        "DSC_0304": [
          4241.77685546875,
          2107.531494140625
        ],
        "DSC_0306": [
          3071.908203125,
          1775.7918701171875
        ],
        "DSC_0307": [
          3139.965576171875,
          2656.6005859375
        ],
        "DSC_0308": [
          4118.01318359375,
          2197.566162109375
        ],
        "DSC_0319": [
          3430.9580078125,
          2135.97802734375
        ],
        "DSC_0320": [
          3490.7958984375,
          2482.72802734375
        ],
        "DSC_0322": [
          3588.87109375,
          2121.937255859375
        ],
        "DSC_0325": [
          3401.9521484375,
          2217.966552734375
        ],
        "DSC_0328": [
          3334.990478515625,
          2107.9931640625
        ],
        "DSC_0329": [
          4074.0068359375,
          2313.482666015625
        ],
        "DSC_0332": [
          2653.921142578125,
          2358.82763671875
        ],
        "DSC_0350": [
          3390.951171875,
          2242.960205078125
        ],
        "DSC_0351": [
          3379.974609375,
          2144.986328125
        ],
        "DSC_0353": [
          3218.99853515625,
          2055.9892578125
        ],
        "DSC_0356": [
          3221.0,
          2117.9990234375
        ],
        "DSC_0357": [
          3279.99462890625,
          2161.99658203125
        ],
        "DSC_0358": [
          3132.0,
          2236.989013671875
        ],
        "DSC_0360": [
          3116.97705078125,
          2007.9637451171875
        ],
        "DSC_0362": [
          3279.989501953125,
          2216.987548828125
        ],
        "DSC_0364": [
          3293.98046875,
          2262.97119140625
        ],
        "DSC_0366": [
          3529.87353515625,
          2236.92041015625
        ],
        "DSC_0367": [
          2850.99169921875,
          2407.875
        ],
        "DSC_0369": [
          3199.998046875,
          2244.986328125
        ],
        "DSC_0370": [
          3829.650634765625,
          2051.85107421875
        ],
        "DSC_0371": [
          2496.843505859375,
          2329.74853515625
        ],
        "DSC_0373": [
          3410.96337890625,
          2147.98046875
        ],
        "DSC_0379": [
          3034.9775390625,
          2145.98583984375
        ],
        "DSC_0380": [
          4444.037109375,
          2198.214599609375
        ]
      },
      "error": 1.504221429332132,
      "n_views": 30
    },
    "1001": {
      "xyz": [
        4.399999999942763,
        4.399999999989375,
        2.394577447044419e-11
      ],
      "observations": {
        "DSC_0318": [
          3174.998779296875,
          2139.999267578125
        ],
        "DSC_0302": [
          3140.984130859375,
          2015.97021484375
        ],
        "DSC_0306": [
          2925.819091796875,
          1766.7327880859375
        ],
        "DSC_0307": [
          2995.01904296875,
          2647.6279296875
        ],
        "DSC_0308": [
          3971.3359375,
          2188.697021484375
        ],
        "DSC_0309": [
          3025.955078125,
          2040.9600830078125
        ],
        "DSC_0310": [
          2077.260986328125,
          1936.3056640625
        ],
        "DSC_0311": [
          4047.279541015625,
          2060.71923828125
        ],
        "DSC_0312": [
          3083.965087890625,
          1992.9515380859375
        ],
        "DSC_0319": [
          3288.996337890625,
          2121.997314453125
        ],
        "DSC_0320": [
          3342.90673828125,
          2480.793701171875
        ],
        "DSC_0323": [
          3243.98828125,
          2290.966064453125
        ],
        "DSC_0324": [
          3107.9921875,
          2144.9951171875
        ],
        "DSC_0325": [
          3251.99462890625,
          2210.991455078125
        ],
        "DSC_0328": [
          3183.998046875,
          2100.996337890625
        ],
        "DSC_0329": [
          3920.336669921875,
          2307.63134765625
        ],
        "DSC_0332": [
          2500.86083984375,
          2353.74169921875
        ],
        "DSC_0350": [
          3253.9921875,
          2234.9853515625
        ],
        "DSC_0353": [
          3077.9736328125,
          2052.97412109375
        ],
        "DSC_0356": [
          3072.983154296875,
          2124.9892578125
        ],
        "DSC_0357": [
          3125.9951171875,
          2152.9970703125
        ],
        "DSC_0358": [
          2980.975341796875,
          2210.976318359375
        ],
        "DSC_0361": [
          3173.998046875,
          2117.997802734375
        ],
        "DSC_0362": [
          3128.998291015625,
          2199.9951171875
        ],
        "DSC_0364": [
          3143.00048828125,
          2253.98486328125
        ],
        "DSC_0366": [
          3382.9560546875,
          2235.964599609375
        ],
        "DSC_0367": [
          2708.95947265625,
          2405.827392578125
        ],
        "DSC_0369": [
          3053.9931640625,
          2234.984130859375
        ],
        "DSC_0370": [
          3685.815673828125,
          2046.9130859375
        ],
        "DSC_0371": [
          2350.776611328125,
          2323.64208984375
        ],
        "DSC_0373": [
          3259.998046875,
          2138.998779296875
        ]
      },
      "error": 1.4374869992793422,
      "n_views": 31
    },
    "1002": {
      "xyz": [
        4.3999999999905866,
        -4.399999999978759,
        -2.4460977237770686e-11
      ],
      "observations": {
        "DSC_0318": [
          3178.991943359375,
          2021.9765625
        ],
        "DSC_0319": [
          3288.999267578125,
          2004.976318359375
        ],
        "DSC_0322": [
          3445.97509765625,
          1992.9644775390625
        ],
        "DSC_0363": [
          3277.9853515625,
          2254.976318359375
        ],
        "DSC_0369": [
          3052.9775390625,
          2117.9853515625
        ]
      },
      "error": 1.2269912598480264,
      "n_views": 5
    },
    "1003": {
      "xyz": [
        -4.400000000025697,
        -4.399999999938423,
        -6.713004076678343e-11
      ],
      "observations": {
        "DSC_0318": [
          3320.996826171875,
          2039.9854736328125
        ],
        "DSC_0319": [
          3429.97705078125,
          2018.972412109375
        ],
        "DSC_0363": [
          3430.92822265625,
          2257.943115234375
        ]
      },
      "error": 0.9795163206554673,
      "n_views": 3
    },
    "1020": {
      "xyz": [
        -19.83324696483771,
        8.133257998896008,
        10.865954045615815
      ],
      "observations": {
        "DSC_0318": [
          3599.858154296875,
          2134.9306640625
        ],
        "DSC_0319": [
          3708.76953125,
          2105.89453125
        ],
        "DSC_0320": [
          3770.49658203125,
          2423.618896484375
        ],
        "DSC_0322": [
          3873.572021484375,
          2082.819091796875
        ],
        "DSC_0323": [
          3644.72705078125,
          2327.806396484375
        ],
        "DSC_0324": [
          3508.908203125,
          2175.950439453125
        ],
        "DSC_0329": [
          4368.21630859375,
          2267.2119140625
        ],
        "DSC_0356": [
          3499.94677734375,
          2040.9647216796875
        ],
        "DSC_0360": [
          3395.9853515625,
          2026.9776611328125
        ],
        "DSC_0361": [
          3594.857421875,
          2147.92919921875
        ],
        "DSC_0362": [
          3577.856201171875,
          2186.92333984375
        ],
        "DSC_0371": [
          2776.931640625,
          2281.90771484375
        ]
      },
      "error": 1.3543201393042397,
      "n_views": 12
    },
    "1021": {
      "xyz": [
        -11.142981776489526,
        8.576661754373756,
        9.553443448912994
      ],
      "observations": {
        "DSC_0318": [
          3453.947998046875,
          2136.972900390625
        ],
        "DSC_0304": [
          4382.388671875,
          2072.42626953125
        ],
        "DSC_0319": [
          3564.8916015625,
          2111.94677734375
        ],
        "DSC_0320": [
          3629.674560546875,
          2442.696533203125
        ],
        "DSC_0322": [
          3726.755615234375,
          2093.889404296875
        ],
        "DSC_0323": [
          3502.86279296875,
          2315.884521484375
        ],
        "DSC_0324": [
          3366.97509765625,
          2165.98583984375
        ],
        "DSC_0328": [
          3479.949951171875,
          2070.970458984375
        ],
        "DSC_0329": [
          4218.66552734375,
          2280.37109375
        ],
        "DSC_0350": [
          3520.888427734375,
          2212.93408203125
        ],
        "DSC_0351": [
          3512.9228515625,
          2115.961181640625
        ],
        "DSC_0353": [
          3352.994140625,
          2017.978759765625
        ],
        "DSC_0356": [
          3358.9892578125,
          2069.988037109375
        ],
        "DSC_0357": [
          3426.96044921875,
          2131.979248046875
        ],
        "DSC_0360": [
          3249.99853515625,
          2006.97607421875
        ],
        "DSC_0361": [
          3445.950927734375,
          2138.974365234375
        ],
        "DSC_0362": [
          3422.94970703125,
          2189.9697265625
        ],
        "DSC_0364": [
          3436.93359375,
          2227.9541015625
        ],
        "DSC_0366": [
          3666.769287109375,
          2201.878662109375
        ],
        "DSC_0369": [
          3335.97607421875,
          2216.97998046875
        ],
        "DSC_0371": [
          2629.88134765625,
          2298.837158203125
        ]
      },
      "error": 2.0424227208882932,
      "n_views": 21
    },
    "1022": {
      "xyz": [
        -9.757741828020727,
        5.675017318203513,
        17.744998237383104
      ],
      "observations": {
        "DSC_0318": [
          3456.96875,
          2015.96826171875
        ],
        "DSC_0309": [
          3295.993896484375,
          1878.9161376953125
        ],
        "DSC_0310": [
          2350.33447265625,
          1770.3990478515625
        ],
        "DSC_0311": [
          4319.73193359375,
          1895.595947265625
        ],
        "DSC_0312": [
          3356.99267578125,
          1829.88818359375
        ],
        "DSC_0319": [
          3563.92333984375,
          1990.9449462890625
        ],
